"Age"	"Live_vol_perc"	"Repeat"
0	0	12
0	0	12
0	0	12
0	0	12
0	0	12
0	0	12
0	0	12
0	0	12
0	0	12
0	0	12
0	0	12
0	0	12
1	0.072434644	12
1	0.072434644	12
1	0.072434644	12
1	0.072434644	12
1	0.072434644	12
1	0.072434644	12
1	0.072434644	12
1	0.072434644	12
1	0.072434644	12
1	0.072434644	12
1	0.072434644	12
1	0.072434644	12
2	0.119457673	12
2	0.119457673	12
2	0.119457673	12
2	0.119457673	12
2	0.119457673	12
2	0.119457673	12
2	0.119457673	12
2	0.119457673	12
2	0.119457673	12
2	0.119457673	12
2	0.119457673	12
2	0.119457673	12
3	0.160069107	12
3	0.160069107	12
3	0.160069107	12
3	0.160069107	12
3	0.160069107	12
3	0.160069107	12
3	0.160069107	12
3	0.160069107	12
3	0.160069107	12
3	0.160069107	12
3	0.160069107	12
3	0.160069107	12
4	0.197007052	12
4	0.197007052	12
4	0.197007052	12
4	0.197007052	12
4	0.197007052	12
4	0.197007052	12
4	0.197007052	12
4	0.197007052	12
4	0.197007052	12
4	0.197007052	12
4	0.197007052	12
4	0.197007052	12
5	0.231433571	12
5	0.231433571	12
5	0.231433571	12
5	0.231433571	12
5	0.231433571	12
5	0.231433571	12
5	0.231433571	12
5	0.231433571	12
5	0.231433571	12
5	0.231433571	12
5	0.231433571	12
5	0.231433571	12
6	0.263982563	12
6	0.263982563	12
6	0.263982563	12
6	0.263982563	12
6	0.263982563	12
6	0.263982563	12
6	0.263982563	12
6	0.263982563	12
6	0.263982563	12
6	0.263982563	12
6	0.263982563	12
6	0.263982563	12
7	0.295048857	12
7	0.295048857	12
7	0.295048857	12
7	0.295048857	12
7	0.295048857	12
7	0.295048857	12
7	0.295048857	12
7	0.295048857	12
7	0.295048857	12
7	0.295048857	12
7	0.295048857	12
7	0.295048857	12
8	0.324899837	12
8	0.324899837	12
8	0.324899837	12
8	0.324899837	12
8	0.324899837	12
8	0.324899837	12
8	0.324899837	12
8	0.324899837	12
8	0.324899837	12
8	0.324899837	12
8	0.324899837	12
8	0.324899837	12
9	0.353727407	12
9	0.353727407	12
9	0.353727407	12
9	0.353727407	12
9	0.353727407	12
9	0.353727407	12
9	0.353727407	12
9	0.353727407	12
9	0.353727407	12
9	0.353727407	12
9	0.353727407	12
9	0.353727407	12
10	0.381675319	12
10	0.381675319	12
10	0.381675319	12
10	0.381675319	12
10	0.381675319	12
10	0.381675319	12
10	0.381675319	12
10	0.381675319	12
10	0.381675319	12
10	0.381675319	12
10	0.381675319	12
10	0.381675319	12
11	0.40885485	12
11	0.40885485	12
11	0.40885485	12
11	0.40885485	12
11	0.40885485	12
11	0.40885485	12
11	0.40885485	12
11	0.40885485	12
11	0.40885485	12
11	0.40885485	12
11	0.40885485	12
11	0.40885485	12
12	0.435354425	12
12	0.435354425	12
12	0.435354425	12
12	0.435354425	12
12	0.435354425	12
12	0.435354425	12
12	0.435354425	12
12	0.435354425	12
12	0.435354425	12
12	0.435354425	12
12	0.435354425	12
12	0.435354425	12
13	0.46124581	12
13	0.46124581	12
13	0.46124581	12
13	0.46124581	12
13	0.46124581	12
13	0.46124581	12
13	0.46124581	12
13	0.46124581	12
13	0.46124581	12
13	0.46124581	12
13	0.46124581	12
13	0.46124581	12
14	0.486588294	12
14	0.486588294	12
14	0.486588294	12
14	0.486588294	12
14	0.486588294	12
14	0.486588294	12
14	0.486588294	12
14	0.486588294	12
14	0.486588294	12
14	0.486588294	12
14	0.486588294	12
14	0.486588294	12
15	0.511431585	12
15	0.511431585	12
15	0.511431585	12
15	0.511431585	12
15	0.511431585	12
15	0.511431585	12
15	0.511431585	12
15	0.511431585	12
15	0.511431585	12
15	0.511431585	12
15	0.511431585	12
15	0.511431585	12
16	0.535817895	12
16	0.535817895	12
16	0.535817895	12
16	0.535817895	12
16	0.535817895	12
16	0.535817895	12
16	0.535817895	12
16	0.535817895	12
16	0.535817895	12
16	0.535817895	12
16	0.535817895	12
16	0.535817895	12
17	0.559783465	12
17	0.559783465	12
17	0.559783465	12
17	0.559783465	12
17	0.559783465	12
17	0.559783465	12
17	0.559783465	12
17	0.559783465	12
17	0.559783465	12
17	0.559783465	12
17	0.559783465	12
17	0.559783465	12
18	0.583359711	12
18	0.583359711	12
18	0.583359711	12
18	0.583359711	12
18	0.583359711	12
18	0.583359711	12
18	0.583359711	12
18	0.583359711	12
18	0.583359711	12
18	0.583359711	12
18	0.583359711	12
18	0.583359711	12
19	0.606574096	12
19	0.606574096	12
19	0.606574096	12
19	0.606574096	12
19	0.606574096	12
19	0.606574096	12
19	0.606574096	12
19	0.606574096	12
19	0.606574096	12
19	0.606574096	12
19	0.606574096	12
19	0.606574096	12
20	0.629450811	12
20	0.629450811	12
20	0.629450811	12
20	0.629450811	12
20	0.629450811	12
20	0.629450811	12
20	0.629450811	12
20	0.629450811	12
20	0.629450811	12
20	0.629450811	12
20	0.629450811	12
20	0.629450811	12
21	0.652011306	12
21	0.652011306	12
21	0.652011306	12
21	0.652011306	12
21	0.652011306	12
21	0.652011306	12
21	0.652011306	12
21	0.652011306	12
21	0.652011306	12
21	0.652011306	12
21	0.652011306	12
21	0.652011306	12
22	0.674274716	12
22	0.674274716	12
22	0.674274716	12
22	0.674274716	12
22	0.674274716	12
22	0.674274716	12
22	0.674274716	12
22	0.674274716	12
22	0.674274716	12
22	0.674274716	12
22	0.674274716	12
22	0.674274716	12
23	0.696258207	12
23	0.696258207	12
23	0.696258207	12
23	0.696258207	12
23	0.696258207	12
23	0.696258207	12
23	0.696258207	12
23	0.696258207	12
23	0.696258207	12
23	0.696258207	12
23	0.696258207	12
23	0.696258207	12
24	0.71797725	12
24	0.71797725	12
24	0.71797725	12
24	0.71797725	12
24	0.71797725	12
24	0.71797725	12
24	0.71797725	12
24	0.71797725	12
24	0.71797725	12
24	0.71797725	12
24	0.71797725	12
24	0.71797725	12
25	0.739445859	12
25	0.739445859	12
25	0.739445859	12
25	0.739445859	12
25	0.739445859	12
25	0.739445859	12
25	0.739445859	12
25	0.739445859	12
25	0.739445859	12
25	0.739445859	12
25	0.739445859	12
25	0.739445859	12
26	0.760676773	12
26	0.760676773	12
26	0.760676773	12
26	0.760676773	12
26	0.760676773	12
26	0.760676773	12
26	0.760676773	12
26	0.760676773	12
26	0.760676773	12
26	0.760676773	12
26	0.760676773	12
26	0.760676773	12
27	2.028470252	12
27	2.028470252	12
27	2.028470252	12
27	2.028470252	12
27	2.028470252	12
27	2.028470252	12
27	2.028470252	12
27	2.028470252	12
27	2.028470252	12
27	2.028470252	12
27	2.028470252	12
27	2.028470252	12
28	3.296263731	12
28	3.296263731	12
28	3.296263731	12
28	3.296263731	12
28	3.296263731	12
28	3.296263731	12
28	3.296263731	12
28	3.296263731	12
28	3.296263731	12
28	3.296263731	12
28	3.296263731	12
28	3.296263731	12
29	4.564067493	12
29	4.564067493	12
29	4.564067493	12
29	4.564067493	12
29	4.564067493	12
29	4.564067493	12
29	4.564067493	12
29	4.564067493	12
29	4.564067493	12
29	4.564067493	12
29	4.564067493	12
29	4.564067493	12
30	5.831850689	12
30	5.831850689	12
30	5.831850689	12
30	5.831850689	12
30	5.831850689	12
30	5.831850689	12
30	5.831850689	12
30	5.831850689	12
30	5.831850689	12
30	5.831850689	12
30	5.831850689	12
30	5.831850689	12
31	7.099633884	12
31	7.099633884	12
31	7.099633884	12
31	7.099633884	12
31	7.099633884	12
31	7.099633884	12
31	7.099633884	12
31	7.099633884	12
31	7.099633884	12
31	7.099633884	12
31	7.099633884	12
31	7.099633884	12
32	8.367451357	12
32	8.367451357	12
32	8.367451357	12
32	8.367451357	12
32	8.367451357	12
32	8.367451357	12
32	8.367451357	12
32	8.367451357	12
32	8.367451357	12
32	8.367451357	12
32	8.367451357	12
32	8.367451357	12
33	9.635234553	12
33	9.635234553	12
33	9.635234553	12
33	9.635234553	12
33	9.635234553	12
33	9.635234553	12
33	9.635234553	12
33	9.635234553	12
33	9.635234553	12
33	9.635234553	12
33	9.635234553	12
33	9.635234553	12
34	10.90301775	12
34	10.90301775	12
34	10.90301775	12
34	10.90301775	12
34	10.90301775	12
34	10.90301775	12
34	10.90301775	12
34	10.90301775	12
34	10.90301775	12
34	10.90301775	12
34	10.90301775	12
34	10.90301775	12
35	12.17080094	12
35	12.17080094	12
35	12.17080094	12
35	12.17080094	12
35	12.17080094	12
35	12.17080094	12
35	12.17080094	12
35	12.17080094	12
35	12.17080094	12
35	12.17080094	12
35	12.17080094	12
35	12.17080094	12
36	13.43861842	12
36	13.43861842	12
36	13.43861842	12
36	13.43861842	12
36	13.43861842	12
36	13.43861842	12
36	13.43861842	12
36	13.43861842	12
36	13.43861842	12
36	13.43861842	12
36	13.43861842	12
36	13.43861842	12
37	14.70640161	12
37	14.70640161	12
37	14.70640161	12
37	14.70640161	12
37	14.70640161	12
37	14.70640161	12
37	14.70640161	12
37	14.70640161	12
37	14.70640161	12
37	14.70640161	12
37	14.70640161	12
37	14.70640161	12
38	15.97418481	12
38	15.97418481	12
38	15.97418481	12
38	15.97418481	12
38	15.97418481	12
38	15.97418481	12
38	15.97418481	12
38	15.97418481	12
38	15.97418481	12
38	15.97418481	12
38	15.97418481	12
38	15.97418481	12
39	17.24200228	12
39	17.24200228	12
39	17.24200228	12
39	17.24200228	12
39	17.24200228	12
39	17.24200228	12
39	17.24200228	12
39	17.24200228	12
39	17.24200228	12
39	17.24200228	12
39	17.24200228	12
39	17.24200228	12
40	18.50978548	12
40	18.50978548	12
40	18.50978548	12
40	18.50978548	12
40	18.50978548	12
40	18.50978548	12
40	18.50978548	12
40	18.50978548	12
40	18.50978548	12
40	18.50978548	12
40	18.50978548	12
40	18.50978548	12
41	20.29220926	12
41	20.29220926	12
41	20.29220926	12
41	20.29220926	12
41	20.29220926	12
41	20.29220926	12
41	20.29220926	12
41	20.29220926	12
41	20.29220926	12
41	20.29220926	12
41	20.29220926	12
41	20.29220926	12
42	22.07463305	12
42	22.07463305	12
42	22.07463305	12
42	22.07463305	12
42	22.07463305	12
42	22.07463305	12
42	22.07463305	12
42	22.07463305	12
42	22.07463305	12
42	22.07463305	12
42	22.07463305	12
42	22.07463305	12
43	23.85705684	12
43	23.85705684	12
43	23.85705684	12
43	23.85705684	12
43	23.85705684	12
43	23.85705684	12
43	23.85705684	12
43	23.85705684	12
43	23.85705684	12
43	23.85705684	12
43	23.85705684	12
43	23.85705684	12
44	25.63948062	12
44	25.63948062	12
44	25.63948062	12
44	25.63948062	12
44	25.63948062	12
44	25.63948062	12
44	25.63948062	12
44	25.63948062	12
44	25.63948062	12
44	25.63948062	12
44	25.63948062	12
44	25.63948062	12
45	27.42190441	12
45	27.42190441	12
45	27.42190441	12
45	27.42190441	12
45	27.42190441	12
45	27.42190441	12
45	27.42190441	12
45	27.42190441	12
45	27.42190441	12
45	27.42190441	12
45	27.42190441	12
45	27.42190441	12
46	29.50596915	12
46	29.50596915	12
46	29.50596915	12
46	29.50596915	12
46	29.50596915	12
46	29.50596915	12
46	29.50596915	12
46	29.50596915	12
46	29.50596915	12
46	29.50596915	12
46	29.50596915	12
46	29.50596915	12
47	31.59003388	12
47	31.59003388	12
47	31.59003388	12
47	31.59003388	12
47	31.59003388	12
47	31.59003388	12
47	31.59003388	12
47	31.59003388	12
47	31.59003388	12
47	31.59003388	12
47	31.59003388	12
47	31.59003388	12
48	33.67409862	12
48	33.67409862	12
48	33.67409862	12
48	33.67409862	12
48	33.67409862	12
48	33.67409862	12
48	33.67409862	12
48	33.67409862	12
48	33.67409862	12
48	33.67409862	12
48	33.67409862	12
48	33.67409862	12
49	35.75816335	12
49	35.75816335	12
49	35.75816335	12
49	35.75816335	12
49	35.75816335	12
49	35.75816335	12
49	35.75816335	12
49	35.75816335	12
49	35.75816335	12
49	35.75816335	12
49	35.75816335	12
49	35.75816335	12
50	37.84222809	12
50	37.84222809	12
50	37.84222809	12
50	37.84222809	12
50	37.84222809	12
50	37.84222809	12
50	37.84222809	12
50	37.84222809	12
50	37.84222809	12
50	37.84222809	12
50	37.84222809	12
50	37.84222809	12
51	40.0771133	12
51	40.0771133	12
51	40.0771133	12
51	40.0771133	12
51	40.0771133	12
51	40.0771133	12
51	40.0771133	12
51	40.0771133	12
51	40.0771133	12
51	40.0771133	12
51	40.0771133	12
51	40.0771133	12
52	42.31199851	12
52	42.31199851	12
52	42.31199851	12
52	42.31199851	12
52	42.31199851	12
52	42.31199851	12
52	42.31199851	12
52	42.31199851	12
52	42.31199851	12
52	42.31199851	12
52	42.31199851	12
52	42.31199851	12
53	44.54688372	12
53	44.54688372	12
53	44.54688372	12
53	44.54688372	12
53	44.54688372	12
53	44.54688372	12
53	44.54688372	12
53	44.54688372	12
53	44.54688372	12
53	44.54688372	12
53	44.54688372	12
53	44.54688372	12
54	46.78176893	12
54	46.78176893	12
54	46.78176893	12
54	46.78176893	12
54	46.78176893	12
54	46.78176893	12
54	46.78176893	12
54	46.78176893	12
54	46.78176893	12
54	46.78176893	12
54	46.78176893	12
54	46.78176893	12
55	49.01665414	12
55	49.01665414	12
55	49.01665414	12
55	49.01665414	12
55	49.01665414	12
55	49.01665414	12
55	49.01665414	12
55	49.01665414	12
55	49.01665414	12
55	49.01665414	12
55	49.01665414	12
55	49.01665414	12
56	51.2926722	12
56	51.2926722	12
56	51.2926722	12
56	51.2926722	12
56	51.2926722	12
56	51.2926722	12
56	51.2926722	12
56	51.2926722	12
56	51.2926722	12
56	51.2926722	12
56	51.2926722	12
56	51.2926722	12
57	53.56869027	12
57	53.56869027	12
57	53.56869027	12
57	53.56869027	12
57	53.56869027	12
57	53.56869027	12
57	53.56869027	12
57	53.56869027	12
57	53.56869027	12
57	53.56869027	12
57	53.56869027	12
57	53.56869027	12
58	55.84470833	12
58	55.84470833	12
58	55.84470833	12
58	55.84470833	12
58	55.84470833	12
58	55.84470833	12
58	55.84470833	12
58	55.84470833	12
58	55.84470833	12
58	55.84470833	12
58	55.84470833	12
58	55.84470833	12
59	58.1207264	12
59	58.1207264	12
59	58.1207264	12
59	58.1207264	12
59	58.1207264	12
59	58.1207264	12
59	58.1207264	12
59	58.1207264	12
59	58.1207264	12
59	58.1207264	12
59	58.1207264	12
59	58.1207264	12
60	60.39674447	12
60	60.39674447	12
60	60.39674447	12
60	60.39674447	12
60	60.39674447	12
60	60.39674447	12
60	60.39674447	12
60	60.39674447	12
60	60.39674447	12
60	60.39674447	12
60	60.39674447	12
60	60.39674447	12
61	62.61106325	12
61	62.61106325	12
61	62.61106325	12
61	62.61106325	12
61	62.61106325	12
61	62.61106325	12
61	62.61106325	12
61	62.61106325	12
61	62.61106325	12
61	62.61106325	12
61	62.61106325	12
61	62.61106325	12
62	64.82538203	12
62	64.82538203	12
62	64.82538203	12
62	64.82538203	12
62	64.82538203	12
62	64.82538203	12
62	64.82538203	12
62	64.82538203	12
62	64.82538203	12
62	64.82538203	12
62	64.82538203	12
62	64.82538203	12
63	67.03970081	12
63	67.03970081	12
63	67.03970081	12
63	67.03970081	12
63	67.03970081	12
63	67.03970081	12
63	67.03970081	12
63	67.03970081	12
63	67.03970081	12
63	67.03970081	12
63	67.03970081	12
63	67.03970081	12
64	69.25401959	12
64	69.25401959	12
64	69.25401959	12
64	69.25401959	12
64	69.25401959	12
64	69.25401959	12
64	69.25401959	12
64	69.25401959	12
64	69.25401959	12
64	69.25401959	12
64	69.25401959	12
64	69.25401959	12
65	71.46833837	12
65	71.46833837	12
65	71.46833837	12
65	71.46833837	12
65	71.46833837	12
65	71.46833837	12
65	71.46833837	12
65	71.46833837	12
65	71.46833837	12
65	71.46833837	12
65	71.46833837	12
65	71.46833837	12
66	73.54554763	12
66	73.54554763	12
66	73.54554763	12
66	73.54554763	12
66	73.54554763	12
66	73.54554763	12
66	73.54554763	12
66	73.54554763	12
66	73.54554763	12
66	73.54554763	12
66	73.54554763	12
66	73.54554763	12
67	75.62275689	12
67	75.62275689	12
67	75.62275689	12
67	75.62275689	12
67	75.62275689	12
67	75.62275689	12
67	75.62275689	12
67	75.62275689	12
67	75.62275689	12
67	75.62275689	12
67	75.62275689	12
67	75.62275689	12
68	77.69996615	12
68	77.69996615	12
68	77.69996615	12
68	77.69996615	12
68	77.69996615	12
68	77.69996615	12
68	77.69996615	12
68	77.69996615	12
68	77.69996615	12
68	77.69996615	12
68	77.69996615	12
68	77.69996615	12
69	79.77717541	12
69	79.77717541	12
69	79.77717541	12
69	79.77717541	12
69	79.77717541	12
69	79.77717541	12
69	79.77717541	12
69	79.77717541	12
69	79.77717541	12
69	79.77717541	12
69	79.77717541	12
69	79.77717541	12
70	81.85438467	12
70	81.85438467	12
70	81.85438467	12
70	81.85438467	12
70	81.85438467	12
70	81.85438467	12
70	81.85438467	12
70	81.85438467	12
70	81.85438467	12
70	81.85438467	12
70	81.85438467	12
70	81.85438467	12
71	83.76020702	12
71	83.76020702	12
71	83.76020702	12
71	83.76020702	12
71	83.76020702	12
71	83.76020702	12
71	83.76020702	12
71	83.76020702	12
71	83.76020702	12
71	83.76020702	12
71	83.76020702	12
71	83.76020702	12
72	85.66602938	12
72	85.66602938	12
72	85.66602938	12
72	85.66602938	12
72	85.66602938	12
72	85.66602938	12
72	85.66602938	12
72	85.66602938	12
72	85.66602938	12
72	85.66602938	12
72	85.66602938	12
72	85.66602938	12
73	87.57185174	12
73	87.57185174	12
73	87.57185174	12
73	87.57185174	12
73	87.57185174	12
73	87.57185174	12
73	87.57185174	12
73	87.57185174	12
73	87.57185174	12
73	87.57185174	12
73	87.57185174	12
73	87.57185174	12
74	89.47767409	12
74	89.47767409	12
74	89.47767409	12
74	89.47767409	12
74	89.47767409	12
74	89.47767409	12
74	89.47767409	12
74	89.47767409	12
74	89.47767409	12
74	89.47767409	12
74	89.47767409	12
74	89.47767409	12
75	91.38349645	12
75	91.38349645	12
75	91.38349645	12
75	91.38349645	12
75	91.38349645	12
75	91.38349645	12
75	91.38349645	12
75	91.38349645	12
75	91.38349645	12
75	91.38349645	12
75	91.38349645	12
75	91.38349645	12
76	93.12478738	12
76	93.12478738	12
76	93.12478738	12
76	93.12478738	12
76	93.12478738	12
76	93.12478738	12
76	93.12478738	12
76	93.12478738	12
76	93.12478738	12
76	93.12478738	12
76	93.12478738	12
76	93.12478738	12
77	94.86607831	12
77	94.86607831	12
77	94.86607831	12
77	94.86607831	12
77	94.86607831	12
77	94.86607831	12
77	94.86607831	12
77	94.86607831	12
77	94.86607831	12
77	94.86607831	12
77	94.86607831	12
77	94.86607831	12
78	96.60736924	12
78	96.60736924	12
78	96.60736924	12
78	96.60736924	12
78	96.60736924	12
78	96.60736924	12
78	96.60736924	12
78	96.60736924	12
78	96.60736924	12
78	96.60736924	12
78	96.60736924	12
78	96.60736924	12
79	98.34866017	12
79	98.34866017	12
79	98.34866017	12
79	98.34866017	12
79	98.34866017	12
79	98.34866017	12
79	98.34866017	12
79	98.34866017	12
79	98.34866017	12
79	98.34866017	12
79	98.34866017	12
79	98.34866017	12
80	100.0899511	12
80	100.0899511	12
80	100.0899511	12
80	100.0899511	12
80	100.0899511	12
80	100.0899511	12
80	100.0899511	12
80	100.0899511	12
80	100.0899511	12
80	100.0899511	12
80	100.0899511	12
80	100.0899511	12
81	101.7215544	12
81	101.7215544	12
81	101.7215544	12
81	101.7215544	12
81	101.7215544	12
81	101.7215544	12
81	101.7215544	12
81	101.7215544	12
81	101.7215544	12
81	101.7215544	12
81	101.7215544	12
81	101.7215544	12
82	103.3531577	12
82	103.3531577	12
82	103.3531577	12
82	103.3531577	12
82	103.3531577	12
82	103.3531577	12
82	103.3531577	12
82	103.3531577	12
82	103.3531577	12
82	103.3531577	12
82	103.3531577	12
82	103.3531577	12
83	104.984761	12
83	104.984761	12
83	104.984761	12
83	104.984761	12
83	104.984761	12
83	104.984761	12
83	104.984761	12
83	104.984761	12
83	104.984761	12
83	104.984761	12
83	104.984761	12
83	104.984761	12
84	106.6163644	12
84	106.6163644	12
84	106.6163644	12
84	106.6163644	12
84	106.6163644	12
84	106.6163644	12
84	106.6163644	12
84	106.6163644	12
84	106.6163644	12
84	106.6163644	12
84	106.6163644	12
84	106.6163644	12
85	108.2479677	12
85	108.2479677	12
85	108.2479677	12
85	108.2479677	12
85	108.2479677	12
85	108.2479677	12
85	108.2479677	12
85	108.2479677	12
85	108.2479677	12
85	108.2479677	12
85	108.2479677	12
85	108.2479677	12
86	109.7973053	12
86	109.7973053	12
86	109.7973053	12
86	109.7973053	12
86	109.7973053	12
86	109.7973053	12
86	109.7973053	12
86	109.7973053	12
86	109.7973053	12
86	109.7973053	12
86	109.7973053	12
86	109.7973053	12
87	111.3466429	12
87	111.3466429	12
87	111.3466429	12
87	111.3466429	12
87	111.3466429	12
87	111.3466429	12
87	111.3466429	12
87	111.3466429	12
87	111.3466429	12
87	111.3466429	12
87	111.3466429	12
87	111.3466429	12
88	112.8959805	12
88	112.8959805	12
88	112.8959805	12
88	112.8959805	12
88	112.8959805	12
88	112.8959805	12
88	112.8959805	12
88	112.8959805	12
88	112.8959805	12
88	112.8959805	12
88	112.8959805	12
88	112.8959805	12
89	114.4453181	12
89	114.4453181	12
89	114.4453181	12
89	114.4453181	12
89	114.4453181	12
89	114.4453181	12
89	114.4453181	12
89	114.4453181	12
89	114.4453181	12
89	114.4453181	12
89	114.4453181	12
89	114.4453181	12
90	115.9946557	12
90	115.9946557	12
90	115.9946557	12
90	115.9946557	12
90	115.9946557	12
90	115.9946557	12
90	115.9946557	12
90	115.9946557	12
90	115.9946557	12
90	115.9946557	12
90	115.9946557	12
90	115.9946557	12
91	117.3588954	12
91	117.3588954	12
91	117.3588954	12
91	117.3588954	12
91	117.3588954	12
91	117.3588954	12
91	117.3588954	12
91	117.3588954	12
91	117.3588954	12
91	117.3588954	12
91	117.3588954	12
91	117.3588954	12
92	118.7231351	12
92	118.7231351	12
92	118.7231351	12
92	118.7231351	12
92	118.7231351	12
92	118.7231351	12
92	118.7231351	12
92	118.7231351	12
92	118.7231351	12
92	118.7231351	12
92	118.7231351	12
92	118.7231351	12
93	120.0873749	12
93	120.0873749	12
93	120.0873749	12
93	120.0873749	12
93	120.0873749	12
93	120.0873749	12
93	120.0873749	12
93	120.0873749	12
93	120.0873749	12
93	120.0873749	12
93	120.0873749	12
93	120.0873749	12
94	121.4516146	12
94	121.4516146	12
94	121.4516146	12
94	121.4516146	12
94	121.4516146	12
94	121.4516146	12
94	121.4516146	12
94	121.4516146	12
94	121.4516146	12
94	121.4516146	12
94	121.4516146	12
94	121.4516146	12
95	122.8158544	12
95	122.8158544	12
95	122.8158544	12
95	122.8158544	12
95	122.8158544	12
95	122.8158544	12
95	122.8158544	12
95	122.8158544	12
95	122.8158544	12
95	122.8158544	12
95	122.8158544	12
95	122.8158544	12
96	123.9401525	12
96	123.9401525	12
96	123.9401525	12
96	123.9401525	12
96	123.9401525	12
96	123.9401525	12
96	123.9401525	12
96	123.9401525	12
96	123.9401525	12
96	123.9401525	12
96	123.9401525	12
96	123.9401525	12
97	125.0644505	12
97	125.0644505	12
97	125.0644505	12
97	125.0644505	12
97	125.0644505	12
97	125.0644505	12
97	125.0644505	12
97	125.0644505	12
97	125.0644505	12
97	125.0644505	12
97	125.0644505	12
97	125.0644505	12
98	126.1887486	12
98	126.1887486	12
98	126.1887486	12
98	126.1887486	12
98	126.1887486	12
98	126.1887486	12
98	126.1887486	12
98	126.1887486	12
98	126.1887486	12
98	126.1887486	12
98	126.1887486	12
98	126.1887486	12
99	127.3130467	12
99	127.3130467	12
99	127.3130467	12
99	127.3130467	12
99	127.3130467	12
99	127.3130467	12
99	127.3130467	12
99	127.3130467	12
99	127.3130467	12
99	127.3130467	12
99	127.3130467	12
99	127.3130467	12
100	128.4373448	12
100	128.4373448	12
100	128.4373448	12
100	128.4373448	12
100	128.4373448	12
100	128.4373448	12
100	128.4373448	12
100	128.4373448	12
100	128.4373448	12
100	128.4373448	12
100	128.4373448	12
100	128.4373448	12
101	129.4540119	12
101	129.4540119	12
101	129.4540119	12
101	129.4540119	12
101	129.4540119	12
101	129.4540119	12
101	129.4540119	12
101	129.4540119	12
101	129.4540119	12
101	129.4540119	12
101	129.4540119	12
101	129.4540119	12
102	130.4405149	12
102	130.4405149	12
102	130.4405149	12
102	130.4405149	12
102	130.4405149	12
102	130.4405149	12
102	130.4405149	12
102	130.4405149	12
102	130.4405149	12
102	130.4405149	12
102	130.4405149	12
102	130.4405149	12
103	131.3971966	12
103	131.3971966	12
103	131.3971966	12
103	131.3971966	12
103	131.3971966	12
103	131.3971966	12
103	131.3971966	12
103	131.3971966	12
103	131.3971966	12
103	131.3971966	12
103	131.3971966	12
103	131.3971966	12
104	132.3254281	12
104	132.3254281	12
104	132.3254281	12
104	132.3254281	12
104	132.3254281	12
104	132.3254281	12
104	132.3254281	12
104	132.3254281	12
104	132.3254281	12
104	132.3254281	12
104	132.3254281	12
104	132.3254281	12
105	133.2255521	12
105	133.2255521	12
105	133.2255521	12
105	133.2255521	12
105	133.2255521	12
105	133.2255521	12
105	133.2255521	12
105	133.2255521	12
105	133.2255521	12
105	133.2255521	12
105	133.2255521	12
105	133.2255521	12
106	134.098597	12
106	134.098597	12
106	134.098597	12
106	134.098597	12
106	134.098597	12
106	134.098597	12
106	134.098597	12
106	134.098597	12
106	134.098597	12
106	134.098597	12
106	134.098597	12
106	134.098597	12
107	134.945591	12
107	134.945591	12
107	134.945591	12
107	134.945591	12
107	134.945591	12
107	134.945591	12
107	134.945591	12
107	134.945591	12
107	134.945591	12
107	134.945591	12
107	134.945591	12
107	134.945591	12
108	135.7672198	12
108	135.7672198	12
108	135.7672198	12
108	135.7672198	12
108	135.7672198	12
108	135.7672198	12
108	135.7672198	12
108	135.7672198	12
108	135.7672198	12
108	135.7672198	12
108	135.7672198	12
108	135.7672198	12
109	136.5641689	12
109	136.5641689	12
109	136.5641689	12
109	136.5641689	12
109	136.5641689	12
109	136.5641689	12
109	136.5641689	12
109	136.5641689	12
109	136.5641689	12
109	136.5641689	12
109	136.5641689	12
109	136.5641689	12
110	137.3371239	12
110	137.3371239	12
110	137.3371239	12
110	137.3371239	12
110	137.3371239	12
110	137.3371239	12
110	137.3371239	12
110	137.3371239	12
110	137.3371239	12
110	137.3371239	12
110	137.3371239	12
110	137.3371239	12
111	138.0871129	12
111	138.0871129	12
111	138.0871129	12
111	138.0871129	12
111	138.0871129	12
111	138.0871129	12
111	138.0871129	12
111	138.0871129	12
111	138.0871129	12
111	138.0871129	12
111	138.0871129	12
111	138.0871129	12
112	138.814479	12
112	138.814479	12
112	138.814479	12
112	138.814479	12
112	138.814479	12
112	138.814479	12
112	138.814479	12
112	138.814479	12
112	138.814479	12
112	138.814479	12
112	138.814479	12
112	138.814479	12
113	139.5199075	12
113	139.5199075	12
113	139.5199075	12
113	139.5199075	12
113	139.5199075	12
113	139.5199075	12
113	139.5199075	12
113	139.5199075	12
113	139.5199075	12
113	139.5199075	12
113	139.5199075	12
113	139.5199075	12
114	140.2044267	12
114	140.2044267	12
114	140.2044267	12
114	140.2044267	12
114	140.2044267	12
114	140.2044267	12
114	140.2044267	12
114	140.2044267	12
114	140.2044267	12
114	140.2044267	12
114	140.2044267	12
114	140.2044267	12
115	140.8680368	12
115	140.8680368	12
115	140.8680368	12
115	140.8680368	12
115	140.8680368	12
115	140.8680368	12
115	140.8680368	12
115	140.8680368	12
115	140.8680368	12
115	140.8680368	12
115	140.8680368	12
115	140.8680368	12
116	141.5121088	12
116	141.5121088	12
116	141.5121088	12
116	141.5121088	12
116	141.5121088	12
116	141.5121088	12
116	141.5121088	12
116	141.5121088	12
116	141.5121088	12
116	141.5121088	12
116	141.5121088	12
116	141.5121088	12
117	142.1366427	12
117	142.1366427	12
117	142.1366427	12
117	142.1366427	12
117	142.1366427	12
117	142.1366427	12
117	142.1366427	12
117	142.1366427	12
117	142.1366427	12
117	142.1366427	12
117	142.1366427	12
117	142.1366427	12
118	142.7426668	12
118	142.7426668	12
118	142.7426668	12
118	142.7426668	12
118	142.7426668	12
118	142.7426668	12
118	142.7426668	12
118	142.7426668	12
118	142.7426668	12
118	142.7426668	12
118	142.7426668	12
118	142.7426668	12
119	143.3301811	12
119	143.3301811	12
119	143.3301811	12
119	143.3301811	12
119	143.3301811	12
119	143.3301811	12
119	143.3301811	12
119	143.3301811	12
119	143.3301811	12
119	143.3301811	12
119	143.3301811	12
119	143.3301811	12
120	143.9002139	12
120	143.9002139	12
120	143.9002139	12
120	143.9002139	12
120	143.9002139	12
120	143.9002139	12
120	143.9002139	12
120	143.9002139	12
120	143.9002139	12
120	143.9002139	12
120	143.9002139	12
120	143.9002139	12
121	144.4531081	12
121	144.4531081	12
121	144.4531081	12
121	144.4531081	12
121	144.4531081	12
121	144.4531081	12
121	144.4531081	12
121	144.4531081	12
121	144.4531081	12
121	144.4531081	12
121	144.4531081	12
121	144.4531081	12
122	144.9895491	12
122	144.9895491	12
122	144.9895491	12
122	144.9895491	12
122	144.9895491	12
122	144.9895491	12
122	144.9895491	12
122	144.9895491	12
122	144.9895491	12
122	144.9895491	12
122	144.9895491	12
122	144.9895491	12
123	145.5098797	12
123	145.5098797	12
123	145.5098797	12
123	145.5098797	12
123	145.5098797	12
123	145.5098797	12
123	145.5098797	12
123	145.5098797	12
123	145.5098797	12
123	145.5098797	12
123	145.5098797	12
123	145.5098797	12
124	146.0144427	12
124	146.0144427	12
124	146.0144427	12
124	146.0144427	12
124	146.0144427	12
124	146.0144427	12
124	146.0144427	12
124	146.0144427	12
124	146.0144427	12
124	146.0144427	12
124	146.0144427	12
124	146.0144427	12
125	146.5039237	12
125	146.5039237	12
125	146.5039237	12
125	146.5039237	12
125	146.5039237	12
125	146.5039237	12
125	146.5039237	12
125	146.5039237	12
125	146.5039237	12
125	146.5039237	12
125	146.5039237	12
125	146.5039237	12
126	146.9790082	12
126	146.9790082	12
126	146.9790082	12
126	146.9790082	12
126	146.9790082	12
126	146.9790082	12
126	146.9790082	12
126	146.9790082	12
126	146.9790082	12
126	146.9790082	12
126	146.9790082	12
126	146.9790082	12
127	147.4393534	12
127	147.4393534	12
127	147.4393534	12
127	147.4393534	12
127	147.4393534	12
127	147.4393534	12
127	147.4393534	12
127	147.4393534	12
127	147.4393534	12
127	147.4393534	12
127	147.4393534	12
127	147.4393534	12
128	147.8863305	12
128	147.8863305	12
128	147.8863305	12
128	147.8863305	12
128	147.8863305	12
128	147.8863305	12
128	147.8863305	12
128	147.8863305	12
128	147.8863305	12
128	147.8863305	12
128	147.8863305	12
128	147.8863305	12
129	148.3195966	12
129	148.3195966	12
129	148.3195966	12
129	148.3195966	12
129	148.3195966	12
129	148.3195966	12
129	148.3195966	12
129	148.3195966	12
129	148.3195966	12
129	148.3195966	12
129	148.3195966	12
129	148.3195966	12
130	148.7398373	12
130	148.7398373	12
130	148.7398373	12
130	148.7398373	12
130	148.7398373	12
130	148.7398373	12
130	148.7398373	12
130	148.7398373	12
130	148.7398373	12
130	148.7398373	12
130	148.7398373	12
130	148.7398373	12
131	149.1477381	12
131	149.1477381	12
131	149.1477381	12
131	149.1477381	12
131	149.1477381	12
131	149.1477381	12
131	149.1477381	12
131	149.1477381	12
131	149.1477381	12
131	149.1477381	12
131	149.1477381	12
131	149.1477381	12
132	149.5432991	12
132	149.5432991	12
132	149.5432991	12
132	149.5432991	12
132	149.5432991	12
132	149.5432991	12
132	149.5432991	12
132	149.5432991	12
132	149.5432991	12
132	149.5432991	12
132	149.5432991	12
132	149.5432991	12
133	149.926863	12
133	149.926863	12
133	149.926863	12
133	149.926863	12
133	149.926863	12
133	149.926863	12
133	149.926863	12
133	149.926863	12
133	149.926863	12
133	149.926863	12
133	149.926863	12
133	149.926863	12
134	150.2991153	12
134	150.2991153	12
134	150.2991153	12
134	150.2991153	12
134	150.2991153	12
134	150.2991153	12
134	150.2991153	12
134	150.2991153	12
134	150.2991153	12
134	150.2991153	12
134	150.2991153	12
134	150.2991153	12
135	150.6600561	12
135	150.6600561	12
135	150.6600561	12
135	150.6600561	12
135	150.6600561	12
135	150.6600561	12
135	150.6600561	12
135	150.6600561	12
135	150.6600561	12
135	150.6600561	12
135	150.6600561	12
135	150.6600561	12
136	151.010371	12
136	151.010371	12
136	151.010371	12
136	151.010371	12
136	151.010371	12
136	151.010371	12
136	151.010371	12
136	151.010371	12
136	151.010371	12
136	151.010371	12
136	151.010371	12
136	151.010371	12
137	151.349717	12
137	151.349717	12
137	151.349717	12
137	151.349717	12
137	151.349717	12
137	151.349717	12
137	151.349717	12
137	151.349717	12
137	151.349717	12
137	151.349717	12
137	151.349717	12
137	151.349717	12
138	151.6794654	12
138	151.6794654	12
138	151.6794654	12
138	151.6794654	12
138	151.6794654	12
138	151.6794654	12
138	151.6794654	12
138	151.6794654	12
138	151.6794654	12
138	151.6794654	12
138	151.6794654	12
138	151.6794654	12
139	151.9989306	12
139	151.9989306	12
139	151.9989306	12
139	151.9989306	12
139	151.9989306	12
139	151.9989306	12
139	151.9989306	12
139	151.9989306	12
139	151.9989306	12
139	151.9989306	12
139	151.9989306	12
139	151.9989306	12
140	152.3087981	12
140	152.3087981	12
140	152.3087981	12
140	152.3087981	12
140	152.3087981	12
140	152.3087981	12
140	152.3087981	12
140	152.3087981	12
140	152.3087981	12
140	152.3087981	12
140	152.3087981	12
140	152.3087981	12
141	152.6094108	12
141	152.6094108	12
141	152.6094108	12
141	152.6094108	12
141	152.6094108	12
141	152.6094108	12
141	152.6094108	12
141	152.6094108	12
141	152.6094108	12
141	152.6094108	12
141	152.6094108	12
141	152.6094108	12
142	152.9011113	12
142	152.9011113	12
142	152.9011113	12
142	152.9011113	12
142	152.9011113	12
142	152.9011113	12
142	152.9011113	12
142	152.9011113	12
142	152.9011113	12
142	152.9011113	12
142	152.9011113	12
142	152.9011113	12
143	153.1842424	12
143	153.1842424	12
143	153.1842424	12
143	153.1842424	12
143	153.1842424	12
143	153.1842424	12
143	153.1842424	12
143	153.1842424	12
143	153.1842424	12
143	153.1842424	12
143	153.1842424	12
143	153.1842424	12
144	153.4584615	12
144	153.4584615	12
144	153.4584615	12
144	153.4584615	12
144	153.4584615	12
144	153.4584615	12
144	153.4584615	12
144	153.4584615	12
144	153.4584615	12
144	153.4584615	12
144	153.4584615	12
144	153.4584615	12
145	153.7247967	12
145	153.7247967	12
145	153.7247967	12
145	153.7247967	12
145	153.7247967	12
145	153.7247967	12
145	153.7247967	12
145	153.7247967	12
145	153.7247967	12
145	153.7247967	12
145	153.7247967	12
145	153.7247967	12
146	153.9829054	12
146	153.9829054	12
146	153.9829054	12
146	153.9829054	12
146	153.9829054	12
146	153.9829054	12
146	153.9829054	12
146	153.9829054	12
146	153.9829054	12
146	153.9829054	12
146	153.9829054	12
146	153.9829054	12
147	154.233473	12
147	154.233473	12
147	154.233473	12
147	154.233473	12
147	154.233473	12
147	154.233473	12
147	154.233473	12
147	154.233473	12
147	154.233473	12
147	154.233473	12
147	154.233473	12
147	154.233473	12
148	154.4764997	12
148	154.4764997	12
148	154.4764997	12
148	154.4764997	12
148	154.4764997	12
148	154.4764997	12
148	154.4764997	12
148	154.4764997	12
148	154.4764997	12
148	154.4764997	12
148	154.4764997	12
148	154.4764997	12
149	154.7119853	12
149	154.7119853	12
149	154.7119853	12
149	154.7119853	12
149	154.7119853	12
149	154.7119853	12
149	154.7119853	12
149	154.7119853	12
149	154.7119853	12
149	154.7119853	12
149	154.7119853	12
149	154.7119853	12
150	154.9406154	12
150	154.9406154	12
150	154.9406154	12
150	154.9406154	12
150	154.9406154	12
150	154.9406154	12
150	154.9406154	12
150	154.9406154	12
150	154.9406154	12
150	154.9406154	12
150	154.9406154	12
150	154.9406154	12
151	155.1623901	12
151	155.1623901	12
151	155.1623901	12
151	155.1623901	12
151	155.1623901	12
151	155.1623901	12
151	155.1623901	12
151	155.1623901	12
151	155.1623901	12
151	155.1623901	12
151	155.1623901	12
151	155.1623901	12
152	155.377652	12
152	155.377652	12
152	155.377652	12
152	155.377652	12
152	155.377652	12
152	155.377652	12
152	155.377652	12
152	155.377652	12
152	155.377652	12
152	155.377652	12
152	155.377652	12
152	155.377652	12
153	155.5860585	12
153	155.5860585	12
153	155.5860585	12
153	155.5860585	12
153	155.5860585	12
153	155.5860585	12
153	155.5860585	12
153	155.5860585	12
153	155.5860585	12
153	155.5860585	12
153	155.5860585	12
153	155.5860585	12
154	155.7886378	12
154	155.7886378	12
154	155.7886378	12
154	155.7886378	12
154	155.7886378	12
154	155.7886378	12
154	155.7886378	12
154	155.7886378	12
154	155.7886378	12
154	155.7886378	12
154	155.7886378	12
154	155.7886378	12
155	155.9847044	12
155	155.9847044	12
155	155.9847044	12
155	155.9847044	12
155	155.9847044	12
155	155.9847044	12
155	155.9847044	12
155	155.9847044	12
155	155.9847044	12
155	155.9847044	12
155	155.9847044	12
155	155.9847044	12
156	156.1752866	12
156	156.1752866	12
156	156.1752866	12
156	156.1752866	12
156	156.1752866	12
156	156.1752866	12
156	156.1752866	12
156	156.1752866	12
156	156.1752866	12
156	156.1752866	12
156	156.1752866	12
156	156.1752866	12
157	156.3600417	12
157	156.3600417	12
157	156.3600417	12
157	156.3600417	12
157	156.3600417	12
157	156.3600417	12
157	156.3600417	12
157	156.3600417	12
157	156.3600417	12
157	156.3600417	12
157	156.3600417	12
157	156.3600417	12
158	156.5389697	12
158	156.5389697	12
158	156.5389697	12
158	156.5389697	12
158	156.5389697	12
158	156.5389697	12
158	156.5389697	12
158	156.5389697	12
158	156.5389697	12
158	156.5389697	12
158	156.5389697	12
158	156.5389697	12
159	156.712756	12
159	156.712756	12
159	156.712756	12
159	156.712756	12
159	156.712756	12
159	156.712756	12
159	156.712756	12
159	156.712756	12
159	156.712756	12
159	156.712756	12
159	156.712756	12
159	156.712756	12
160	156.8814007	12
160	156.8814007	12
160	156.8814007	12
160	156.8814007	12
160	156.8814007	12
160	156.8814007	12
160	156.8814007	12
160	156.8814007	12
160	156.8814007	12
160	156.8814007	12
160	156.8814007	12
160	156.8814007	12
161	157.0449038	12
161	157.0449038	12
161	157.0449038	12
161	157.0449038	12
161	157.0449038	12
161	157.0449038	12
161	157.0449038	12
161	157.0449038	12
161	157.0449038	12
161	157.0449038	12
161	157.0449038	12
161	157.0449038	12
162	157.2036081	12
162	157.2036081	12
162	157.2036081	12
162	157.2036081	12
162	157.2036081	12
162	157.2036081	12
162	157.2036081	12
162	157.2036081	12
162	157.2036081	12
162	157.2036081	12
162	157.2036081	12
162	157.2036081	12
163	157.3575135	12
163	157.3575135	12
163	157.3575135	12
163	157.3575135	12
163	157.3575135	12
163	157.3575135	12
163	157.3575135	12
163	157.3575135	12
163	157.3575135	12
163	157.3575135	12
163	157.3575135	12
163	157.3575135	12
164	157.5066201	12
164	157.5066201	12
164	157.5066201	12
164	157.5066201	12
164	157.5066201	12
164	157.5066201	12
164	157.5066201	12
164	157.5066201	12
164	157.5066201	12
164	157.5066201	12
164	157.5066201	12
164	157.5066201	12
165	157.6512707	12
165	157.6512707	12
165	157.6512707	12
165	157.6512707	12
165	157.6512707	12
165	157.6512707	12
165	157.6512707	12
165	157.6512707	12
165	157.6512707	12
165	157.6512707	12
165	157.6512707	12
165	157.6512707	12
166	157.7918079	12
166	157.7918079	12
166	157.7918079	12
166	157.7918079	12
166	157.7918079	12
166	157.7918079	12
166	157.7918079	12
166	157.7918079	12
166	157.7918079	12
166	157.7918079	12
166	157.7918079	12
166	157.7918079	12
167	157.9278891	12
167	157.9278891	12
167	157.9278891	12
167	157.9278891	12
167	157.9278891	12
167	157.9278891	12
167	157.9278891	12
167	157.9278891	12
167	157.9278891	12
167	157.9278891	12
167	157.9278891	12
167	157.9278891	12
168	158.0601998	12
168	158.0601998	12
168	158.0601998	12
168	158.0601998	12
168	158.0601998	12
168	158.0601998	12
168	158.0601998	12
168	158.0601998	12
168	158.0601998	12
168	158.0601998	12
168	158.0601998	12
168	158.0601998	12
169	158.1883972	12
169	158.1883972	12
169	158.1883972	12
169	158.1883972	12
169	158.1883972	12
169	158.1883972	12
169	158.1883972	12
169	158.1883972	12
169	158.1883972	12
169	158.1883972	12
169	158.1883972	12
169	158.1883972	12
170	158.3124813	12
170	158.3124813	12
170	158.3124813	12
170	158.3124813	12
170	158.3124813	12
170	158.3124813	12
170	158.3124813	12
170	158.3124813	12
170	158.3124813	12
170	158.3124813	12
170	158.3124813	12
170	158.3124813	12
171	158.4331377	12
171	158.4331377	12
171	158.4331377	12
171	158.4331377	12
171	158.4331377	12
171	158.4331377	12
171	158.4331377	12
171	158.4331377	12
171	158.4331377	12
171	158.4331377	12
171	158.4331377	12
171	158.4331377	12
172	158.5500236	12
172	158.5500236	12
172	158.5500236	12
172	158.5500236	12
172	158.5500236	12
172	158.5500236	12
172	158.5500236	12
172	158.5500236	12
172	158.5500236	12
172	158.5500236	12
172	158.5500236	12
172	158.5500236	12
173	158.6634817	12
173	158.6634817	12
173	158.6634817	12
173	158.6634817	12
173	158.6634817	12
173	158.6634817	12
173	158.6634817	12
173	158.6634817	12
173	158.6634817	12
173	158.6634817	12
173	158.6634817	12
173	158.6634817	12
174	158.7735121	12
174	158.7735121	12
174	158.7735121	12
174	158.7735121	12
174	158.7735121	12
174	158.7735121	12
174	158.7735121	12
174	158.7735121	12
174	158.7735121	12
174	158.7735121	12
174	158.7735121	12
174	158.7735121	12
175	158.8804575	12
175	158.8804575	12
175	158.8804575	12
175	158.8804575	12
175	158.8804575	12
175	158.8804575	12
175	158.8804575	12
175	158.8804575	12
175	158.8804575	12
175	158.8804575	12
175	158.8804575	12
175	158.8804575	12
176	158.9839752	12
176	158.9839752	12
176	158.9839752	12
176	158.9839752	12
176	158.9839752	12
176	158.9839752	12
176	158.9839752	12
176	158.9839752	12
176	158.9839752	12
176	158.9839752	12
176	158.9839752	12
176	158.9839752	12
177	159.0844079	12
177	159.0844079	12
177	159.0844079	12
177	159.0844079	12
177	159.0844079	12
177	159.0844079	12
177	159.0844079	12
177	159.0844079	12
177	159.0844079	12
177	159.0844079	12
177	159.0844079	12
177	159.0844079	12
178	159.1817557	12
178	159.1817557	12
178	159.1817557	12
178	159.1817557	12
178	159.1817557	12
178	159.1817557	12
178	159.1817557	12
178	159.1817557	12
178	159.1817557	12
178	159.1817557	12
178	159.1817557	12
178	159.1817557	12
179	159.2763613	12
179	159.2763613	12
179	159.2763613	12
179	159.2763613	12
179	159.2763613	12
179	159.2763613	12
179	159.2763613	12
179	159.2763613	12
179	159.2763613	12
179	159.2763613	12
179	159.2763613	12
179	159.2763613	12
180	159.3678819	12
180	159.3678819	12
180	159.3678819	12
180	159.3678819	12
180	159.3678819	12
180	159.3678819	12
180	159.3678819	12
180	159.3678819	12
180	159.3678819	12
180	159.3678819	12
180	159.3678819	12
180	159.3678819	12
181	159.4570031	12
181	159.4570031	12
181	159.4570031	12
181	159.4570031	12
181	159.4570031	12
181	159.4570031	12
181	159.4570031	12
181	159.4570031	12
181	159.4570031	12
181	159.4570031	12
181	159.4570031	12
181	159.4570031	12
182	159.5430393	12
182	159.5430393	12
182	159.5430393	12
182	159.5430393	12
182	159.5430393	12
182	159.5430393	12
182	159.5430393	12
182	159.5430393	12
182	159.5430393	12
182	159.5430393	12
182	159.5430393	12
182	159.5430393	12
183	159.6266761	12
183	159.6266761	12
183	159.6266761	12
183	159.6266761	12
183	159.6266761	12
183	159.6266761	12
183	159.6266761	12
183	159.6266761	12
183	159.6266761	12
183	159.6266761	12
183	159.6266761	12
183	159.6266761	12
184	159.7079135	12
184	159.7079135	12
184	159.7079135	12
184	159.7079135	12
184	159.7079135	12
184	159.7079135	12
184	159.7079135	12
184	159.7079135	12
184	159.7079135	12
184	159.7079135	12
184	159.7079135	12
184	159.7079135	12
185	159.7867515	12
185	159.7867515	12
185	159.7867515	12
185	159.7867515	12
185	159.7867515	12
185	159.7867515	12
185	159.7867515	12
185	159.7867515	12
185	159.7867515	12
185	159.7867515	12
185	159.7867515	12
185	159.7867515	12
186	159.86319	12
186	159.86319	12
186	159.86319	12
186	159.86319	12
186	159.86319	12
186	159.86319	12
186	159.86319	12
186	159.86319	12
186	159.86319	12
186	159.86319	12
186	159.86319	12
186	159.86319	12
187	159.9372292	12
187	159.9372292	12
187	159.9372292	12
187	159.9372292	12
187	159.9372292	12
187	159.9372292	12
187	159.9372292	12
187	159.9372292	12
187	159.9372292	12
187	159.9372292	12
187	159.9372292	12
187	159.9372292	12
188	160.0088689	12
188	160.0088689	12
188	160.0088689	12
188	160.0088689	12
188	160.0088689	12
188	160.0088689	12
188	160.0088689	12
188	160.0088689	12
188	160.0088689	12
188	160.0088689	12
188	160.0088689	12
188	160.0088689	12
189	160.0787947	12
189	160.0787947	12
189	160.0787947	12
189	160.0787947	12
189	160.0787947	12
189	160.0787947	12
189	160.0787947	12
189	160.0787947	12
189	160.0787947	12
189	160.0787947	12
189	160.0787947	12
189	160.0787947	12
190	160.1463212	12
190	160.1463212	12
190	160.1463212	12
190	160.1463212	12
190	160.1463212	12
190	160.1463212	12
190	160.1463212	12
190	160.1463212	12
190	160.1463212	12
190	160.1463212	12
190	160.1463212	12
190	160.1463212	12
191	160.211791	12
191	160.211791	12
191	160.211791	12
191	160.211791	12
191	160.211791	12
191	160.211791	12
191	160.211791	12
191	160.211791	12
191	160.211791	12
191	160.211791	12
191	160.211791	12
191	160.211791	12
192	160.2755469	12
192	160.2755469	12
192	160.2755469	12
192	160.2755469	12
192	160.2755469	12
192	160.2755469	12
192	160.2755469	12
192	160.2755469	12
192	160.2755469	12
192	160.2755469	12
192	160.2755469	12
192	160.2755469	12
193	160.3372462	12
193	160.3372462	12
193	160.3372462	12
193	160.3372462	12
193	160.3372462	12
193	160.3372462	12
193	160.3372462	12
193	160.3372462	12
193	160.3372462	12
193	160.3372462	12
193	160.3372462	12
193	160.3372462	12
194	160.3968888	12
194	160.3968888	12
194	160.3968888	12
194	160.3968888	12
194	160.3968888	12
194	160.3968888	12
194	160.3968888	12
194	160.3968888	12
194	160.3968888	12
194	160.3968888	12
194	160.3968888	12
194	160.3968888	12
195	160.4551604	12
195	160.4551604	12
195	160.4551604	12
195	160.4551604	12
195	160.4551604	12
195	160.4551604	12
195	160.4551604	12
195	160.4551604	12
195	160.4551604	12
195	160.4551604	12
195	160.4551604	12
195	160.4551604	12
196	160.5113753	12
196	160.5113753	12
196	160.5113753	12
196	160.5113753	12
196	160.5113753	12
196	160.5113753	12
196	160.5113753	12
196	160.5113753	12
196	160.5113753	12
196	160.5113753	12
196	160.5113753	12
196	160.5113753	12
197	160.5658763	12
197	160.5658763	12
197	160.5658763	12
197	160.5658763	12
197	160.5658763	12
197	160.5658763	12
197	160.5658763	12
197	160.5658763	12
197	160.5658763	12
197	160.5658763	12
197	160.5658763	12
197	160.5658763	12
198	160.6190063	12
198	160.6190063	12
198	160.6190063	12
198	160.6190063	12
198	160.6190063	12
198	160.6190063	12
198	160.6190063	12
198	160.6190063	12
198	160.6190063	12
198	160.6190063	12
198	160.6190063	12
198	160.6190063	12
199	160.6704223	12
199	160.6704223	12
199	160.6704223	12
199	160.6704223	12
199	160.6704223	12
199	160.6704223	12
199	160.6704223	12
199	160.6704223	12
199	160.6704223	12
199	160.6704223	12
199	160.6704223	12
199	160.6704223	12
