Age	Live_vol_perc	Repeat	PI	PI proportion
0	0	12	0.00	0
0	0	12	0.00	0
0	0	12	0.00	0
0	0	12	0.07	0
0	0	12	0.07	0
0	0	12	0.07	0
0	0	12	0.07	0
0	0	12	0.07	0
0	0	12	0.07	0
0	0	12	0.07	0
0	0	12	0.00	0
0	0	12	0.00	0
1	0.072434644	12	0.00	0
1	0.072434644	12	0.00	0
1	0.072434644	12	0.00	0
1	0.072434644	12	0.07	0.005259932
1	0.072434644	12	0.07	0.005259932
1	0.072434644	12	0.07	0.005259932
1	0.072434644	12	0.07	0.005259932
1	0.072434644	12	0.07	0.005259932
1	0.072434644	12	0.07	0.005259932
1	0.072434644	12	0.07	0.005259932
1	0.072434644	12	0.00	0
1	0.072434644	12	0.00	0
2	0.119457673	12	0.00	0
2	0.119457673	12	0.00	0
2	0.119457673	12	0.00	0
2	0.119457673	12	0.07	0.008674569
2	0.119457673	12	0.07	0.008674569
2	0.119457673	12	0.07	0.008674569
2	0.119457673	12	0.07	0.008674569
2	0.119457673	12	0.07	0.008674569
2	0.119457673	12	0.07	0.008674569
2	0.119457673	12	0.07	0.008674569
2	0.119457673	12	0.00	0
2	0.119457673	12	0.00	0
3	0.160069107	12	0.00	0
3	0.160069107	12	0.00	0
3	0.160069107	12	0.00	0
3	0.160069107	12	0.07	0.011623619
3	0.160069107	12	0.07	0.011623619
3	0.160069107	12	0.07	0.011623619
3	0.160069107	12	0.07	0.011623619
3	0.160069107	12	0.07	0.011623619
3	0.160069107	12	0.07	0.011623619
3	0.160069107	12	0.07	0.011623619
3	0.160069107	12	0.00	0
3	0.160069107	12	0.00	0
4	0.197007052	12	0.00	0
4	0.197007052	12	0.00	0
4	0.197007052	12	0.00	0
4	0.197007052	12	0.07	0.014305914
4	0.197007052	12	0.07	0.014305914
4	0.197007052	12	0.07	0.014305914
4	0.197007052	12	0.07	0.014305914
4	0.197007052	12	0.07	0.014305914
4	0.197007052	12	0.07	0.014305914
4	0.197007052	12	0.07	0.014305914
4	0.197007052	12	0.00	0
4	0.197007052	12	0.00	0
5	0.231433571	12	0.00	0
5	0.231433571	12	0.00	0
5	0.231433571	12	0.00	0
5	0.231433571	12	0.07	0.016805839
5	0.231433571	12	0.07	0.016805839
5	0.231433571	12	0.07	0.016805839
5	0.231433571	12	0.07	0.016805839
5	0.231433571	12	0.07	0.016805839
5	0.231433571	12	0.07	0.016805839
5	0.231433571	12	0.07	0.016805839
5	0.231433571	12	0.00	0
5	0.231433571	12	0.00	0
6	0.263982563	12	0.00	0
6	0.263982563	12	0.00	0
6	0.263982563	12	0.00	0
6	0.263982563	12	0.07	0.019169424
6	0.263982563	12	0.07	0.019169424
6	0.263982563	12	0.07	0.019169424
6	0.263982563	12	0.07	0.019169424
6	0.263982563	12	0.07	0.019169424
6	0.263982563	12	0.07	0.019169424
6	0.263982563	12	0.07	0.019169424
6	0.263982563	12	0.00	0
6	0.263982563	12	0.00	0
7	0.295048857	12	0.00	0
7	0.295048857	12	0.00	0
7	0.295048857	12	0.00	0
7	0.295048857	12	0.07	0.021425342
7	0.295048857	12	0.07	0.021425342
7	0.295048857	12	0.07	0.021425342
7	0.295048857	12	0.07	0.021425342
7	0.295048857	12	0.07	0.021425342
7	0.295048857	12	0.07	0.021425342
7	0.295048857	12	0.07	0.021425342
7	0.295048857	12	0.00	0
7	0.295048857	12	0.00	0
8	0.324899837	12	0.00	0
8	0.324899837	12	0.00	0
8	0.324899837	12	0.00	0
8	0.324899837	12	0.07	0.023593009
8	0.324899837	12	0.07	0.023593009
8	0.324899837	12	0.07	0.023593009
8	0.324899837	12	0.07	0.023593009
8	0.324899837	12	0.07	0.023593009
8	0.324899837	12	0.07	0.023593009
8	0.324899837	12	0.07	0.023593009
8	0.324899837	12	0.00	0
8	0.324899837	12	0.00	0
9	0.353727407	12	0.00	0
9	0.353727407	12	0.00	0
9	0.353727407	12	0.00	0
9	0.353727407	12	0.07	0.025686359
9	0.353727407	12	0.07	0.025686359
9	0.353727407	12	0.07	0.025686359
9	0.353727407	12	0.07	0.025686359
9	0.353727407	12	0.07	0.025686359
9	0.353727407	12	0.07	0.025686359
9	0.353727407	12	0.07	0.025686359
9	0.353727407	12	0.00	0
9	0.353727407	12	0.00	0
10	0.381675319	12	0.00	0
10	0.381675319	12	0.00	0
10	0.381675319	12	0.00	0
10	0.381675319	12	0.07	0.027715831
10	0.381675319	12	0.07	0.027715831
10	0.381675319	12	0.07	0.027715831
10	0.381675319	12	0.07	0.027715831
10	0.381675319	12	0.07	0.027715831
10	0.381675319	12	0.07	0.027715831
10	0.381675319	12	0.07	0.027715831
10	0.381675319	12	0.00	0
10	0.381675319	12	0.00	0
11	0.40885485	12	0.00	0
11	0.40885485	12	0.00	0
11	0.40885485	12	0.00	0
11	0.40885485	12	0.07	0.029689507
11	0.40885485	12	0.07	0.029689507
11	0.40885485	12	0.07	0.029689507
11	0.40885485	12	0.07	0.029689507
11	0.40885485	12	0.07	0.029689507
11	0.40885485	12	0.07	0.029689507
11	0.40885485	12	0.07	0.029689507
11	0.40885485	12	0.00	0
11	0.40885485	12	0.00	0
12	0.435354425	12	0.00	0
12	0.435354425	12	0.00	0
12	0.435354425	12	0.00	0
12	0.435354425	12	0.07	0.031613807
12	0.435354425	12	0.07	0.031613807
12	0.435354425	12	0.07	0.031613807
12	0.435354425	12	0.07	0.031613807
12	0.435354425	12	0.07	0.031613807
12	0.435354425	12	0.07	0.031613807
12	0.435354425	12	0.07	0.031613807
12	0.435354425	12	0.00	0
12	0.435354425	12	0.00	0
13	0.46124581	12	0.00	0
13	0.46124581	12	0.00	0
13	0.46124581	12	0.00	0
13	0.46124581	12	0.07	0.033493942
13	0.46124581	12	0.07	0.033493942
13	0.46124581	12	0.07	0.033493942
13	0.46124581	12	0.07	0.033493942
13	0.46124581	12	0.07	0.033493942
13	0.46124581	12	0.07	0.033493942
13	0.46124581	12	0.07	0.033493942
13	0.46124581	12	0.00	0
13	0.46124581	12	0.00	0
14	0.486588294	12	0.00	0
14	0.486588294	12	0.00	0
14	0.486588294	12	0.00	0
14	0.486588294	12	0.07	0.035334218
14	0.486588294	12	0.07	0.035334218
14	0.486588294	12	0.07	0.035334218
14	0.486588294	12	0.07	0.035334218
14	0.486588294	12	0.07	0.035334218
14	0.486588294	12	0.07	0.035334218
14	0.486588294	12	0.07	0.035334218
14	0.486588294	12	0.00	0
14	0.486588294	12	0.00	0
15	0.511431585	12	0.00	0
15	0.511431585	12	0.00	0
15	0.511431585	12	0.00	0
15	0.511431585	12	0.07	0.037138245
15	0.511431585	12	0.07	0.037138245
15	0.511431585	12	0.07	0.037138245
15	0.511431585	12	0.07	0.037138245
15	0.511431585	12	0.07	0.037138245
15	0.511431585	12	0.07	0.037138245
15	0.511431585	12	0.07	0.037138245
15	0.511431585	12	0.00	0
15	0.511431585	12	0.00	0
16	0.535817895	12	0.00	0
16	0.535817895	12	0.00	0
16	0.535817895	12	0.00	0
16	0.535817895	12	0.07	0.038909088
16	0.535817895	12	0.07	0.038909088
16	0.535817895	12	0.07	0.038909088
16	0.535817895	12	0.07	0.038909088
16	0.535817895	12	0.07	0.038909088
16	0.535817895	12	0.07	0.038909088
16	0.535817895	12	0.07	0.038909088
16	0.535817895	12	0.00	0
16	0.535817895	12	0.00	0
17	0.559783465	12	0.00	0
17	0.559783465	12	0.00	0
17	0.559783465	12	0.00	0
17	0.559783465	12	0.07	0.040649377
17	0.559783465	12	0.07	0.040649377
17	0.559783465	12	0.07	0.040649377
17	0.559783465	12	0.07	0.040649377
17	0.559783465	12	0.07	0.040649377
17	0.559783465	12	0.07	0.040649377
17	0.559783465	12	0.07	0.040649377
17	0.559783465	12	0.00	0
17	0.559783465	12	0.00	0
18	0.583359711	12	0.00	0
18	0.583359711	12	0.00	0
18	0.583359711	12	0.00	0
18	0.583359711	12	0.07	0.042361396
18	0.583359711	12	0.07	0.042361396
18	0.583359711	12	0.07	0.042361396
18	0.583359711	12	0.07	0.042361396
18	0.583359711	12	0.07	0.042361396
18	0.583359711	12	0.07	0.042361396
18	0.583359711	12	0.07	0.042361396
18	0.583359711	12	0.00	0
18	0.583359711	12	0.00	0
19	0.606574096	12	0.00	0
19	0.606574096	12	0.00	0
19	0.606574096	12	0.00	0
19	0.606574096	12	0.07	0.044047138
19	0.606574096	12	0.07	0.044047138
19	0.606574096	12	0.07	0.044047138
19	0.606574096	12	0.07	0.044047138
19	0.606574096	12	0.07	0.044047138
19	0.606574096	12	0.07	0.044047138
19	0.606574096	12	0.07	0.044047138
19	0.606574096	12	0.00	0
19	0.606574096	12	0.00	0
20	0.629450811	12	0.00	0
20	0.629450811	12	0.00	0
20	0.629450811	12	0.00	0
20	0.629450811	12	0.07	0.045708359
20	0.629450811	12	0.07	0.045708359
20	0.629450811	12	0.07	0.045708359
20	0.629450811	12	0.07	0.045708359
20	0.629450811	12	0.07	0.045708359
20	0.629450811	12	0.07	0.045708359
20	0.629450811	12	0.07	0.045708359
20	0.629450811	12	0.00	0
20	0.629450811	12	0.00	0
21	0.652011306	12	0.00	0
21	0.652011306	12	0.00	0
21	0.652011306	12	0.00	0
21	0.652011306	12	0.07	0.047346618
21	0.652011306	12	0.07	0.047346618
21	0.652011306	12	0.07	0.047346618
21	0.652011306	12	0.07	0.047346618
21	0.652011306	12	0.07	0.047346618
21	0.652011306	12	0.07	0.047346618
21	0.652011306	12	0.07	0.047346618
21	0.652011306	12	0.00	0
21	0.652011306	12	0.00	0
22	0.674274716	12	0.00	0
22	0.674274716	12	0.00	0
22	0.674274716	12	0.00	0
22	0.674274716	12	0.07	0.048963303
22	0.674274716	12	0.07	0.048963303
22	0.674274716	12	0.07	0.048963303
22	0.674274716	12	0.07	0.048963303
22	0.674274716	12	0.07	0.048963303
22	0.674274716	12	0.07	0.048963303
22	0.674274716	12	0.07	0.048963303
22	0.674274716	12	0.00	0
22	0.674274716	12	0.00	0
23	0.696258207	12	0.00	0
23	0.696258207	12	0.00	0
23	0.696258207	12	0.00	0
23	0.696258207	12	0.07	0.050559662
23	0.696258207	12	0.07	0.050559662
23	0.696258207	12	0.07	0.050559662
23	0.696258207	12	0.07	0.050559662
23	0.696258207	12	0.07	0.050559662
23	0.696258207	12	0.07	0.050559662
23	0.696258207	12	0.07	0.050559662
23	0.696258207	12	0.00	0
23	0.696258207	12	0.00	0
24	0.71797725	12	0.00	0
24	0.71797725	12	0.00	0
24	0.71797725	12	0.00	0
24	0.71797725	12	0.07	0.052136817
24	0.71797725	12	0.07	0.052136817
24	0.71797725	12	0.07	0.052136817
24	0.71797725	12	0.07	0.052136817
24	0.71797725	12	0.07	0.052136817
24	0.71797725	12	0.07	0.052136817
24	0.71797725	12	0.07	0.052136817
24	0.71797725	12	0.00	0
24	0.71797725	12	0.00	0
25	0.739445859	12	0.00	0
25	0.739445859	12	0.00	0
25	0.739445859	12	0.00	0
25	0.739445859	12	0.07	0.053695787
25	0.739445859	12	0.07	0.053695787
25	0.739445859	12	0.07	0.053695787
25	0.739445859	12	0.07	0.053695787
25	0.739445859	12	0.07	0.053695787
25	0.739445859	12	0.07	0.053695787
25	0.739445859	12	0.07	0.053695787
25	0.739445859	12	0.00	0
25	0.739445859	12	0.00	0
26	0.760676773	12	0.00	0
26	0.760676773	12	0.00	0
26	0.760676773	12	0.00	0
26	0.760676773	12	0.07	0.055237497
26	0.760676773	12	0.07	0.055237497
26	0.760676773	12	0.07	0.055237497
26	0.760676773	12	0.07	0.055237497
26	0.760676773	12	0.07	0.055237497
26	0.760676773	12	0.07	0.055237497
26	0.760676773	12	0.07	0.055237497
26	0.760676773	12	0.00	0
26	0.760676773	12	0.00	0
27	2.028470252	12	0.00	0
27	2.028470252	12	0.00	0
27	2.028470252	12	0.00	0
27	2.028470252	12	0.07	0.147299908
27	2.028470252	12	0.07	0.147299908
27	2.028470252	12	0.07	0.147299908
27	2.028470252	12	0.07	0.147299908
27	2.028470252	12	0.07	0.147299908
27	2.028470252	12	0.07	0.147299908
27	2.028470252	12	0.07	0.147299908
27	2.028470252	12	0.00	0
27	2.028470252	12	0.00	0
28	3.296263731	12	0.00	0
28	3.296263731	12	0.00	0
28	3.296263731	12	0.00	0
28	3.296263731	12	0.07	0.239362319
28	3.296263731	12	0.07	0.239362319
28	3.296263731	12	0.07	0.239362319
28	3.296263731	12	0.07	0.239362319
28	3.296263731	12	0.07	0.239362319
28	3.296263731	12	0.07	0.239362319
28	3.296263731	12	0.07	0.239362319
28	3.296263731	12	0.00	0
28	3.296263731	12	0.00	0
29	4.564067493	12	0.00	0
29	4.564067493	12	0.00	0
29	4.564067493	12	0.00	0
29	4.564067493	12	0.07	0.331425477
29	4.564067493	12	0.07	0.331425477
29	4.564067493	12	0.07	0.331425477
29	4.564067493	12	0.07	0.331425477
29	4.564067493	12	0.07	0.331425477
29	4.564067493	12	0.07	0.331425477
29	4.564067493	12	0.07	0.331425477
29	4.564067493	12	0.00	0
29	4.564067493	12	0.00	0
30	5.831850689	12	0.00	0
30	5.831850689	12	0.00	0
30	5.831850689	12	0.00	0
30	5.831850689	12	0.07	0.423487142
30	5.831850689	12	0.07	0.423487142
30	5.831850689	12	0.07	0.423487142
30	5.831850689	12	0.07	0.423487142
30	5.831850689	12	0.07	0.423487142
30	5.831850689	12	0.07	0.423487142
30	5.831850689	12	0.07	0.423487142
30	5.831850689	12	0.00	0
30	5.831850689	12	0.00	0
31	7.099633884	12	0.00	0
31	7.099633884	12	0.00	0
31	7.099633884	12	0.00	0
31	7.099633884	12	0.07	0.515548806
31	7.099633884	12	0.07	0.515548806
31	7.099633884	12	0.07	0.515548806
31	7.099633884	12	0.07	0.515548806
31	7.099633884	12	0.07	0.515548806
31	7.099633884	12	0.07	0.515548806
31	7.099633884	12	0.07	0.515548806
31	7.099633884	12	0.00	0
31	7.099633884	12	0.00	0
32	8.367451357	12	0.00	0
32	8.367451357	12	0.00	0
32	8.367451357	12	0.00	0
32	8.367451357	12	0.07	0.60761296
32	8.367451357	12	0.07	0.60761296
32	8.367451357	12	0.07	0.60761296
32	8.367451357	12	0.07	0.60761296
32	8.367451357	12	0.07	0.60761296
32	8.367451357	12	0.07	0.60761296
32	8.367451357	12	0.07	0.60761296
32	8.367451357	12	0.00	0
32	8.367451357	12	0.00	0
33	9.635234553	12	0.00	0
33	9.635234553	12	0.00	0
33	9.635234553	12	0.00	0
33	9.635234553	12	0.07	0.699674624
33	9.635234553	12	0.07	0.699674624
33	9.635234553	12	0.07	0.699674624
33	9.635234553	12	0.07	0.699674624
33	9.635234553	12	0.07	0.699674624
33	9.635234553	12	0.07	0.699674624
33	9.635234553	12	0.07	0.699674624
33	9.635234553	12	0.00	0
33	9.635234553	12	0.00	0
34	10.90301775	12	0.00	0
34	10.90301775	12	0.00	0
34	10.90301775	12	0.00	0
34	10.90301775	12	0.07	0.791736289
34	10.90301775	12	0.07	0.791736289
34	10.90301775	12	0.07	0.791736289
34	10.90301775	12	0.07	0.791736289
34	10.90301775	12	0.07	0.791736289
34	10.90301775	12	0.07	0.791736289
34	10.90301775	12	0.07	0.791736289
34	10.90301775	12	0.00	0
34	10.90301775	12	0.00	0
35	12.17080094	12	0.00	0
35	12.17080094	12	0.00	0
35	12.17080094	12	0.00	0
35	12.17080094	12	0.07	0.883797953
35	12.17080094	12	0.07	0.883797953
35	12.17080094	12	0.07	0.883797953
35	12.17080094	12	0.07	0.883797953
35	12.17080094	12	0.07	0.883797953
35	12.17080094	12	0.07	0.883797953
35	12.17080094	12	0.07	0.883797953
35	12.17080094	12	0.00	0
35	12.17080094	12	0.00	0
36	13.43861842	12	0.00	0
36	13.43861842	12	0.00	0
36	13.43861842	12	0.00	0
36	13.43861842	12	0.07	0.975862107
36	13.43861842	12	0.07	0.975862107
36	13.43861842	12	0.07	0.975862107
36	13.43861842	12	0.07	0.975862107
36	13.43861842	12	0.07	0.975862107
36	13.43861842	12	0.07	0.975862107
36	13.43861842	12	0.07	0.975862107
36	13.43861842	12	0.00	0
36	13.43861842	12	0.00	0
37	14.70640161	12	0.00	0
37	14.70640161	12	0.00	0
37	14.70640161	12	0.00	0
37	14.70640161	12	0.07	1.067923771
37	14.70640161	12	0.07	1.067923771
37	14.70640161	12	0.07	1.067923771
37	14.70640161	12	0.07	1.067923771
37	14.70640161	12	0.07	1.067923771
37	14.70640161	12	0.07	1.067923771
37	14.70640161	12	0.07	1.067923771
37	14.70640161	12	0.00	0
37	14.70640161	12	0.00	0
38	15.97418481	12	0.00	0
38	15.97418481	12	0.00	0
38	15.97418481	12	0.00	0
38	15.97418481	12	0.07	1.159985436
38	15.97418481	12	0.07	1.159985436
38	15.97418481	12	0.07	1.159985436
38	15.97418481	12	0.07	1.159985436
38	15.97418481	12	0.07	1.159985436
38	15.97418481	12	0.07	1.159985436
38	15.97418481	12	0.07	1.159985436
38	15.97418481	12	0.00	0
38	15.97418481	12	0.00	0
39	17.24200228	12	0.00	0
39	17.24200228	12	0.00	0
39	17.24200228	12	0.00	0
39	17.24200228	12	0.07	1.25204959
39	17.24200228	12	0.07	1.25204959
39	17.24200228	12	0.07	1.25204959
39	17.24200228	12	0.07	1.25204959
39	17.24200228	12	0.07	1.25204959
39	17.24200228	12	0.07	1.25204959
39	17.24200228	12	0.07	1.25204959
39	17.24200228	12	0.00	0
39	17.24200228	12	0.00	0
40	18.50978548	12	0.00	0
40	18.50978548	12	0.00	0
40	18.50978548	12	0.00	0
40	18.50978548	12	0.07	1.344111255
40	18.50978548	12	0.07	1.344111255
40	18.50978548	12	0.07	1.344111255
40	18.50978548	12	0.07	1.344111255
40	18.50978548	12	0.07	1.344111255
40	18.50978548	12	0.07	1.344111255
40	18.50978548	12	0.07	1.344111255
40	18.50978548	12	0.00	0
40	18.50978548	12	0.00	0
41	20.29220926	12	0.00	0
41	20.29220926	12	0.00	0
41	20.29220926	12	0.00	0
41	20.29220926	12	0.07	1.47354419
41	20.29220926	12	0.07	1.47354419
41	20.29220926	12	0.07	1.47354419
41	20.29220926	12	0.07	1.47354419
41	20.29220926	12	0.07	1.47354419
41	20.29220926	12	0.07	1.47354419
41	20.29220926	12	0.07	1.47354419
41	20.29220926	12	0.00	0
41	20.29220926	12	0.00	0
42	22.07463305	12	0.00	0
42	22.07463305	12	0.00	0
42	22.07463305	12	0.00	0
42	22.07463305	12	0.07	1.602977125
42	22.07463305	12	0.07	1.602977125
42	22.07463305	12	0.07	1.602977125
42	22.07463305	12	0.07	1.602977125
42	22.07463305	12	0.07	1.602977125
42	22.07463305	12	0.07	1.602977125
42	22.07463305	12	0.07	1.602977125
42	22.07463305	12	0.00	0
42	22.07463305	12	0.00	0
43	23.85705684	12	0.00	0
43	23.85705684	12	0.00	0
43	23.85705684	12	0.00	0
43	23.85705684	12	0.07	1.732410061
43	23.85705684	12	0.07	1.732410061
43	23.85705684	12	0.07	1.732410061
43	23.85705684	12	0.07	1.732410061
43	23.85705684	12	0.07	1.732410061
43	23.85705684	12	0.07	1.732410061
43	23.85705684	12	0.07	1.732410061
43	23.85705684	12	0.00	0
43	23.85705684	12	0.00	0
44	25.63948062	12	0.00	0
44	25.63948062	12	0.00	0
44	25.63948062	12	0.00	0
44	25.63948062	12	0.07	1.861842996
44	25.63948062	12	0.07	1.861842996
44	25.63948062	12	0.07	1.861842996
44	25.63948062	12	0.07	1.861842996
44	25.63948062	12	0.07	1.861842996
44	25.63948062	12	0.07	1.861842996
44	25.63948062	12	0.07	1.861842996
44	25.63948062	12	0.00	0
44	25.63948062	12	0.00	0
45	27.42190441	12	0.00	0
45	27.42190441	12	0.00	0
45	27.42190441	12	0.00	0
45	27.42190441	12	0.07	1.991275932
45	27.42190441	12	0.07	1.991275932
45	27.42190441	12	0.07	1.991275932
45	27.42190441	12	0.07	1.991275932
45	27.42190441	12	0.07	1.991275932
45	27.42190441	12	0.07	1.991275932
45	27.42190441	12	0.07	1.991275932
45	27.42190441	12	0.00	0
45	27.42190441	12	0.00	0
46	29.50596915	12	0.00	0
46	29.50596915	12	0.00	0
46	29.50596915	12	0.00	0
46	29.50596915	12	0.07	2.142612903
46	29.50596915	12	0.07	2.142612903
46	29.50596915	12	0.07	2.142612903
46	29.50596915	12	0.07	2.142612903
46	29.50596915	12	0.07	2.142612903
46	29.50596915	12	0.07	2.142612903
46	29.50596915	12	0.07	2.142612903
46	29.50596915	12	0.00	0
46	29.50596915	12	0.00	0
47	31.59003388	12	0.00	0
47	31.59003388	12	0.00	0
47	31.59003388	12	0.00	0
47	31.59003388	12	0.07	2.293949874
47	31.59003388	12	0.07	2.293949874
47	31.59003388	12	0.07	2.293949874
47	31.59003388	12	0.07	2.293949874
47	31.59003388	12	0.07	2.293949874
47	31.59003388	12	0.07	2.293949874
47	31.59003388	12	0.07	2.293949874
47	31.59003388	12	0.00	0
47	31.59003388	12	0.00	0
48	33.67409862	12	0.00	0
48	33.67409862	12	0.00	0
48	33.67409862	12	0.00	0
48	33.67409862	12	0.07	2.445286845
48	33.67409862	12	0.07	2.445286845
48	33.67409862	12	0.07	2.445286845
48	33.67409862	12	0.07	2.445286845
48	33.67409862	12	0.07	2.445286845
48	33.67409862	12	0.07	2.445286845
48	33.67409862	12	0.07	2.445286845
48	33.67409862	12	0.00	0
48	33.67409862	12	0.00	0
49	35.75816335	12	0.00	0
49	35.75816335	12	0.00	0
49	35.75816335	12	0.00	0
49	35.75816335	12	0.07	2.596623816
49	35.75816335	12	0.07	2.596623816
49	35.75816335	12	0.07	2.596623816
49	35.75816335	12	0.07	2.596623816
49	35.75816335	12	0.07	2.596623816
49	35.75816335	12	0.07	2.596623816
49	35.75816335	12	0.07	2.596623816
49	35.75816335	12	0.00	0
49	35.75816335	12	0.00	0
50	37.84222809	12	0.00	0
50	37.84222809	12	0.00	0
50	37.84222809	12	0.00	0
50	37.84222809	12	0.07	2.747960787
50	37.84222809	12	0.07	2.747960787
50	37.84222809	12	0.07	2.747960787
50	37.84222809	12	0.07	2.747960787
50	37.84222809	12	0.07	2.747960787
50	37.84222809	12	0.07	2.747960787
50	37.84222809	12	0.07	2.747960787
50	37.84222809	12	0.00	0
50	37.84222809	12	0.00	0
51	40.0771133	12	0.00	0
51	40.0771133	12	0.00	0
51	40.0771133	12	0.00	0
51	40.0771133	12	0.07	2.910249775
51	40.0771133	12	0.07	2.910249775
51	40.0771133	12	0.07	2.910249775
51	40.0771133	12	0.07	2.910249775
51	40.0771133	12	0.07	2.910249775
51	40.0771133	12	0.07	2.910249775
51	40.0771133	12	0.07	2.910249775
51	40.0771133	12	0.00	0
51	40.0771133	12	0.00	0
52	42.31199851	12	0.00	0
52	42.31199851	12	0.00	0
52	42.31199851	12	0.00	0
52	42.31199851	12	0.07	3.072538764
52	42.31199851	12	0.07	3.072538764
52	42.31199851	12	0.07	3.072538764
52	42.31199851	12	0.07	3.072538764
52	42.31199851	12	0.07	3.072538764
52	42.31199851	12	0.07	3.072538764
52	42.31199851	12	0.07	3.072538764
52	42.31199851	12	0.00	0
52	42.31199851	12	0.00	0
53	44.54688372	12	0.00	0
53	44.54688372	12	0.00	0
53	44.54688372	12	0.00	0
53	44.54688372	12	0.07	3.234827752
53	44.54688372	12	0.07	3.234827752
53	44.54688372	12	0.07	3.234827752
53	44.54688372	12	0.07	3.234827752
53	44.54688372	12	0.07	3.234827752
53	44.54688372	12	0.07	3.234827752
53	44.54688372	12	0.07	3.234827752
53	44.54688372	12	0.00	0
53	44.54688372	12	0.00	0
54	46.78176893	12	0.00	0
54	46.78176893	12	0.00	0
54	46.78176893	12	0.00	0
54	46.78176893	12	0.07	3.397116741
54	46.78176893	12	0.07	3.397116741
54	46.78176893	12	0.07	3.397116741
54	46.78176893	12	0.07	3.397116741
54	46.78176893	12	0.07	3.397116741
54	46.78176893	12	0.07	3.397116741
54	46.78176893	12	0.07	3.397116741
54	46.78176893	12	0.00	0
54	46.78176893	12	0.00	0
55	49.01665414	12	0.00	0
55	49.01665414	12	0.00	0
55	49.01665414	12	0.00	0
55	49.01665414	12	0.07	3.559405729
55	49.01665414	12	0.07	3.559405729
55	49.01665414	12	0.07	3.559405729
55	49.01665414	12	0.07	3.559405729
55	49.01665414	12	0.07	3.559405729
55	49.01665414	12	0.07	3.559405729
55	49.01665414	12	0.07	3.559405729
55	49.01665414	12	0.00	0
55	49.01665414	12	0.00	0
56	51.2926722	12	0.00	0
56	51.2926722	12	0.00	0
56	51.2926722	12	0.00	0
56	51.2926722	12	0.07	3.724681631
56	51.2926722	12	0.07	3.724681631
56	51.2926722	12	0.07	3.724681631
56	51.2926722	12	0.07	3.724681631
56	51.2926722	12	0.07	3.724681631
56	51.2926722	12	0.07	3.724681631
56	51.2926722	12	0.07	3.724681631
56	51.2926722	12	0.00	0
56	51.2926722	12	0.00	0
57	53.56869027	12	0.00	0
57	53.56869027	12	0.00	0
57	53.56869027	12	0.00	0
57	53.56869027	12	0.07	3.889957534
57	53.56869027	12	0.07	3.889957534
57	53.56869027	12	0.07	3.889957534
57	53.56869027	12	0.07	3.889957534
57	53.56869027	12	0.07	3.889957534
57	53.56869027	12	0.07	3.889957534
57	53.56869027	12	0.07	3.889957534
57	53.56869027	12	0.00	0
57	53.56869027	12	0.00	0
58	55.84470833	12	0.00	0
58	55.84470833	12	0.00	0
58	55.84470833	12	0.00	0
58	55.84470833	12	0.07	4.055233436
58	55.84470833	12	0.07	4.055233436
58	55.84470833	12	0.07	4.055233436
58	55.84470833	12	0.07	4.055233436
58	55.84470833	12	0.07	4.055233436
58	55.84470833	12	0.07	4.055233436
58	55.84470833	12	0.07	4.055233436
58	55.84470833	12	0.00	0
58	55.84470833	12	0.00	0
59	58.1207264	12	0.00	0
59	58.1207264	12	0.00	0
59	58.1207264	12	0.00	0
59	58.1207264	12	0.07	4.220509339
59	58.1207264	12	0.07	4.220509339
59	58.1207264	12	0.07	4.220509339
59	58.1207264	12	0.07	4.220509339
59	58.1207264	12	0.07	4.220509339
59	58.1207264	12	0.07	4.220509339
59	58.1207264	12	0.07	4.220509339
59	58.1207264	12	0.00	0
59	58.1207264	12	0.00	0
60	60.39674447	12	0.00	0
60	60.39674447	12	0.00	0
60	60.39674447	12	0.00	0
60	60.39674447	12	0.07	4.385785241
60	60.39674447	12	0.07	4.385785241
60	60.39674447	12	0.07	4.385785241
60	60.39674447	12	0.07	4.385785241
60	60.39674447	12	0.07	4.385785241
60	60.39674447	12	0.07	4.385785241
60	60.39674447	12	0.07	4.385785241
60	60.39674447	12	0.00	0
60	60.39674447	12	0.00	0
61	62.61106325	12	0.00	0
61	62.61106325	12	0.00	0
61	62.61106325	12	0.00	0
61	62.61106325	12	0.07	4.546580773
61	62.61106325	12	0.07	4.546580773
61	62.61106325	12	0.07	4.546580773
61	62.61106325	12	0.07	4.546580773
61	62.61106325	12	0.07	4.546580773
61	62.61106325	12	0.07	4.546580773
61	62.61106325	12	0.07	4.546580773
61	62.61106325	12	0.00	0
61	62.61106325	12	0.00	0
62	64.82538203	12	0.00	0
62	64.82538203	12	0.00	0
62	64.82538203	12	0.00	0
62	64.82538203	12	0.07	4.707376304
62	64.82538203	12	0.07	4.707376304
62	64.82538203	12	0.07	4.707376304
62	64.82538203	12	0.07	4.707376304
62	64.82538203	12	0.07	4.707376304
62	64.82538203	12	0.07	4.707376304
62	64.82538203	12	0.07	4.707376304
62	64.82538203	12	0.00	0
62	64.82538203	12	0.00	0
63	67.03970081	12	0.00	0
63	67.03970081	12	0.00	0
63	67.03970081	12	0.00	0
63	67.03970081	12	0.07	4.868171836
63	67.03970081	12	0.07	4.868171836
63	67.03970081	12	0.07	4.868171836
63	67.03970081	12	0.07	4.868171836
63	67.03970081	12	0.07	4.868171836
63	67.03970081	12	0.07	4.868171836
63	67.03970081	12	0.07	4.868171836
63	67.03970081	12	0.00	0
63	67.03970081	12	0.00	0
64	69.25401959	12	0.00	0
64	69.25401959	12	0.00	0
64	69.25401959	12	0.00	0
64	69.25401959	12	0.07	5.028967367
64	69.25401959	12	0.07	5.028967367
64	69.25401959	12	0.07	5.028967367
64	69.25401959	12	0.07	5.028967367
64	69.25401959	12	0.07	5.028967367
64	69.25401959	12	0.07	5.028967367
64	69.25401959	12	0.07	5.028967367
64	69.25401959	12	0.00	0
64	69.25401959	12	0.00	0
65	71.46833837	12	0.00	0
65	71.46833837	12	0.00	0
65	71.46833837	12	0.00	0
65	71.46833837	12	0.07	5.189762899
65	71.46833837	12	0.07	5.189762899
65	71.46833837	12	0.07	5.189762899
65	71.46833837	12	0.07	5.189762899
65	71.46833837	12	0.07	5.189762899
65	71.46833837	12	0.07	5.189762899
65	71.46833837	12	0.07	5.189762899
65	71.46833837	12	0.00	0
65	71.46833837	12	0.00	0
66	73.54554763	12	0.00	0
66	73.54554763	12	0.00	0
66	73.54554763	12	0.00	0
66	73.54554763	12	0.07	5.340602051
66	73.54554763	12	0.07	5.340602051
66	73.54554763	12	0.07	5.340602051
66	73.54554763	12	0.07	5.340602051
66	73.54554763	12	0.07	5.340602051
66	73.54554763	12	0.07	5.340602051
66	73.54554763	12	0.07	5.340602051
66	73.54554763	12	0.00	0
66	73.54554763	12	0.00	0
67	75.62275689	12	0.00	0
67	75.62275689	12	0.00	0
67	75.62275689	12	0.00	0
67	75.62275689	12	0.07	5.491441202
67	75.62275689	12	0.07	5.491441202
67	75.62275689	12	0.07	5.491441202
67	75.62275689	12	0.07	5.491441202
67	75.62275689	12	0.07	5.491441202
67	75.62275689	12	0.07	5.491441202
67	75.62275689	12	0.07	5.491441202
67	75.62275689	12	0.00	0
67	75.62275689	12	0.00	0
68	77.69996615	12	0.00	0
68	77.69996615	12	0.00	0
68	77.69996615	12	0.00	0
68	77.69996615	12	0.07	5.642280354
68	77.69996615	12	0.07	5.642280354
68	77.69996615	12	0.07	5.642280354
68	77.69996615	12	0.07	5.642280354
68	77.69996615	12	0.07	5.642280354
68	77.69996615	12	0.07	5.642280354
68	77.69996615	12	0.07	5.642280354
68	77.69996615	12	0.00	0
68	77.69996615	12	0.00	0
69	79.77717541	12	0.00	0
69	79.77717541	12	0.00	0
69	79.77717541	12	0.00	0
69	79.77717541	12	0.07	5.793119506
69	79.77717541	12	0.07	5.793119506
69	79.77717541	12	0.07	5.793119506
69	79.77717541	12	0.07	5.793119506
69	79.77717541	12	0.07	5.793119506
69	79.77717541	12	0.07	5.793119506
69	79.77717541	12	0.07	5.793119506
69	79.77717541	12	0.00	0
69	79.77717541	12	0.00	0
70	81.85438467	12	0.00	0
70	81.85438467	12	0.00	0
70	81.85438467	12	0.00	0
70	81.85438467	12	0.07	5.943958658
70	81.85438467	12	0.07	5.943958658
70	81.85438467	12	0.07	5.943958658
70	81.85438467	12	0.07	5.943958658
70	81.85438467	12	0.07	5.943958658
70	81.85438467	12	0.07	5.943958658
70	81.85438467	12	0.07	5.943958658
70	81.85438467	12	0.00	0
70	81.85438467	12	0.00	0
71	83.76020702	12	0.00	0
71	83.76020702	12	0.00	0
71	83.76020702	12	0.00	0
71	83.76020702	12	0.07	6.082352335
71	83.76020702	12	0.07	6.082352335
71	83.76020702	12	0.07	6.082352335
71	83.76020702	12	0.07	6.082352335
71	83.76020702	12	0.07	6.082352335
71	83.76020702	12	0.07	6.082352335
71	83.76020702	12	0.07	6.082352335
71	83.76020702	12	0.00	0
71	83.76020702	12	0.00	0
72	85.66602938	12	0.00	0
72	85.66602938	12	0.00	0
72	85.66602938	12	0.00	0
72	85.66602938	12	0.07	6.220746013
72	85.66602938	12	0.07	6.220746013
72	85.66602938	12	0.07	6.220746013
72	85.66602938	12	0.07	6.220746013
72	85.66602938	12	0.07	6.220746013
72	85.66602938	12	0.07	6.220746013
72	85.66602938	12	0.07	6.220746013
72	85.66602938	12	0.00	0
72	85.66602938	12	0.00	0
73	87.57185174	12	0.00	0
73	87.57185174	12	0.00	0
73	87.57185174	12	0.00	0
73	87.57185174	12	0.07	6.35913969
73	87.57185174	12	0.07	6.35913969
73	87.57185174	12	0.07	6.35913969
73	87.57185174	12	0.07	6.35913969
73	87.57185174	12	0.07	6.35913969
73	87.57185174	12	0.07	6.35913969
73	87.57185174	12	0.07	6.35913969
73	87.57185174	12	0.00	0
73	87.57185174	12	0.00	0
74	89.47767409	12	0.00	0
74	89.47767409	12	0.00	0
74	89.47767409	12	0.00	0
74	89.47767409	12	0.07	6.497533367
74	89.47767409	12	0.07	6.497533367
74	89.47767409	12	0.07	6.497533367
74	89.47767409	12	0.07	6.497533367
74	89.47767409	12	0.07	6.497533367
74	89.47767409	12	0.07	6.497533367
74	89.47767409	12	0.07	6.497533367
74	89.47767409	12	0.00	0
74	89.47767409	12	0.00	0
75	91.38349645	12	0.00	0
75	91.38349645	12	0.00	0
75	91.38349645	12	0.00	0
75	91.38349645	12	0.07	6.635927045
75	91.38349645	12	0.07	6.635927045
75	91.38349645	12	0.07	6.635927045
75	91.38349645	12	0.07	6.635927045
75	91.38349645	12	0.07	6.635927045
75	91.38349645	12	0.07	6.635927045
75	91.38349645	12	0.07	6.635927045
75	91.38349645	12	0.00	0
75	91.38349645	12	0.00	0
76	93.12478738	12	0.00	0
76	93.12478738	12	0.00	0
76	93.12478738	12	0.00	0
76	93.12478738	12	0.07	6.762373066
76	93.12478738	12	0.07	6.762373066
76	93.12478738	12	0.07	6.762373066
76	93.12478738	12	0.07	6.762373066
76	93.12478738	12	0.07	6.762373066
76	93.12478738	12	0.07	6.762373066
76	93.12478738	12	0.07	6.762373066
76	93.12478738	12	0.00	0
76	93.12478738	12	0.00	0
77	94.86607831	12	0.00	0
77	94.86607831	12	0.00	0
77	94.86607831	12	0.00	0
77	94.86607831	12	0.07	6.888819088
77	94.86607831	12	0.07	6.888819088
77	94.86607831	12	0.07	6.888819088
77	94.86607831	12	0.07	6.888819088
77	94.86607831	12	0.07	6.888819088
77	94.86607831	12	0.07	6.888819088
77	94.86607831	12	0.07	6.888819088
77	94.86607831	12	0.00	0
77	94.86607831	12	0.00	0
78	96.60736924	12	0.00	0
78	96.60736924	12	0.00	0
78	96.60736924	12	0.00	0
78	96.60736924	12	0.07	7.01526511
78	96.60736924	12	0.07	7.01526511
78	96.60736924	12	0.07	7.01526511
78	96.60736924	12	0.07	7.01526511
78	96.60736924	12	0.07	7.01526511
78	96.60736924	12	0.07	7.01526511
78	96.60736924	12	0.07	7.01526511
78	96.60736924	12	0.00	0
78	96.60736924	12	0.00	0
79	98.34866017	12	0.00	0
79	98.34866017	12	0.00	0
79	98.34866017	12	0.00	0
79	98.34866017	12	0.07	7.141711131
79	98.34866017	12	0.07	7.141711131
79	98.34866017	12	0.07	7.141711131
79	98.34866017	12	0.07	7.141711131
79	98.34866017	12	0.07	7.141711131
79	98.34866017	12	0.07	7.141711131
79	98.34866017	12	0.07	7.141711131
79	98.34866017	12	0.00	0
79	98.34866017	12	0.00	0
80	100.0899511	12	0.00	0
80	100.0899511	12	0.00	0
80	100.0899511	12	0.00	0
80	100.0899511	12	0.07	7.268157153
80	100.0899511	12	0.07	7.268157153
80	100.0899511	12	0.07	7.268157153
80	100.0899511	12	0.07	7.268157153
80	100.0899511	12	0.07	7.268157153
80	100.0899511	12	0.07	7.268157153
80	100.0899511	12	0.07	7.268157153
80	100.0899511	12	0.00	0
80	100.0899511	12	0.00	0
81	101.7215544	12	0.00	0
81	101.7215544	12	0.00	0
81	101.7215544	12	0.00	0
81	101.7215544	12	0.07	7.38663807
81	101.7215544	12	0.07	7.38663807
81	101.7215544	12	0.07	7.38663807
81	101.7215544	12	0.07	7.38663807
81	101.7215544	12	0.07	7.38663807
81	101.7215544	12	0.07	7.38663807
81	101.7215544	12	0.07	7.38663807
81	101.7215544	12	0.00	0
81	101.7215544	12	0.00	0
82	103.3531577	12	0.00	0
82	103.3531577	12	0.00	0
82	103.3531577	12	0.00	0
82	103.3531577	12	0.07	7.505118987
82	103.3531577	12	0.07	7.505118987
82	103.3531577	12	0.07	7.505118987
82	103.3531577	12	0.07	7.505118987
82	103.3531577	12	0.07	7.505118987
82	103.3531577	12	0.07	7.505118987
82	103.3531577	12	0.07	7.505118987
82	103.3531577	12	0.00	0
82	103.3531577	12	0.00	0
83	104.984761	12	0.00	0
83	104.984761	12	0.00	0
83	104.984761	12	0.00	0
83	104.984761	12	0.07	7.623599904
83	104.984761	12	0.07	7.623599904
83	104.984761	12	0.07	7.623599904
83	104.984761	12	0.07	7.623599904
83	104.984761	12	0.07	7.623599904
83	104.984761	12	0.07	7.623599904
83	104.984761	12	0.07	7.623599904
83	104.984761	12	0.00	0
83	104.984761	12	0.00	0
84	106.6163644	12	0.00	0
84	106.6163644	12	0.00	0
84	106.6163644	12	0.00	0
84	106.6163644	12	0.07	7.742080829
84	106.6163644	12	0.07	7.742080829
84	106.6163644	12	0.07	7.742080829
84	106.6163644	12	0.07	7.742080829
84	106.6163644	12	0.07	7.742080829
84	106.6163644	12	0.07	7.742080829
84	106.6163644	12	0.07	7.742080829
84	106.6163644	12	0.00	0
84	106.6163644	12	0.00	0
85	108.2479677	12	0.00	0
85	108.2479677	12	0.00	0
85	108.2479677	12	0.00	0
85	108.2479677	12	0.07	7.860561746
85	108.2479677	12	0.07	7.860561746
85	108.2479677	12	0.07	7.860561746
85	108.2479677	12	0.07	7.860561746
85	108.2479677	12	0.07	7.860561746
85	108.2479677	12	0.07	7.860561746
85	108.2479677	12	0.07	7.860561746
85	108.2479677	12	0.00	0
85	108.2479677	12	0.00	0
86	109.7973053	12	0.00	0
86	109.7973053	12	0.00	0
86	109.7973053	12	0.00	0
86	109.7973053	12	0.07	7.973068836
86	109.7973053	12	0.07	7.973068836
86	109.7973053	12	0.07	7.973068836
86	109.7973053	12	0.07	7.973068836
86	109.7973053	12	0.07	7.973068836
86	109.7973053	12	0.07	7.973068836
86	109.7973053	12	0.07	7.973068836
86	109.7973053	12	0.00	0
86	109.7973053	12	0.00	0
87	111.3466429	12	0.00	0
87	111.3466429	12	0.00	0
87	111.3466429	12	0.00	0
87	111.3466429	12	0.07	8.085575926
87	111.3466429	12	0.07	8.085575926
87	111.3466429	12	0.07	8.085575926
87	111.3466429	12	0.07	8.085575926
87	111.3466429	12	0.07	8.085575926
87	111.3466429	12	0.07	8.085575926
87	111.3466429	12	0.07	8.085575926
87	111.3466429	12	0.00	0
87	111.3466429	12	0.00	0
88	112.8959805	12	0.00	0
88	112.8959805	12	0.00	0
88	112.8959805	12	0.00	0
88	112.8959805	12	0.07	8.198083016
88	112.8959805	12	0.07	8.198083016
88	112.8959805	12	0.07	8.198083016
88	112.8959805	12	0.07	8.198083016
88	112.8959805	12	0.07	8.198083016
88	112.8959805	12	0.07	8.198083016
88	112.8959805	12	0.07	8.198083016
88	112.8959805	12	0.00	0
88	112.8959805	12	0.00	0
89	114.4453181	12	0.00	0
89	114.4453181	12	0.00	0
89	114.4453181	12	0.00	0
89	114.4453181	12	0.07	8.310590107
89	114.4453181	12	0.07	8.310590107
89	114.4453181	12	0.07	8.310590107
89	114.4453181	12	0.07	8.310590107
89	114.4453181	12	0.07	8.310590107
89	114.4453181	12	0.07	8.310590107
89	114.4453181	12	0.07	8.310590107
89	114.4453181	12	0.00	0
89	114.4453181	12	0.00	0
90	115.9946557	12	0.00	0
90	115.9946557	12	0.00	0
90	115.9946557	12	0.00	0
90	115.9946557	12	0.07	8.423097197
90	115.9946557	12	0.07	8.423097197
90	115.9946557	12	0.07	8.423097197
90	115.9946557	12	0.07	8.423097197
90	115.9946557	12	0.07	8.423097197
90	115.9946557	12	0.07	8.423097197
90	115.9946557	12	0.07	8.423097197
90	115.9946557	12	0.00	0
90	115.9946557	12	0.00	0
91	117.3588954	12	0.00	0
91	117.3588954	12	0.00	0
91	117.3588954	12	0.00	0
91	117.3588954	12	0.07	8.522163171
91	117.3588954	12	0.07	8.522163171
91	117.3588954	12	0.07	8.522163171
91	117.3588954	12	0.07	8.522163171
91	117.3588954	12	0.07	8.522163171
91	117.3588954	12	0.07	8.522163171
91	117.3588954	12	0.07	8.522163171
91	117.3588954	12	0.00	0
91	117.3588954	12	0.00	0
92	118.7231351	12	0.00	0
92	118.7231351	12	0.00	0
92	118.7231351	12	0.00	0
92	118.7231351	12	0.07	8.621229146
92	118.7231351	12	0.07	8.621229146
92	118.7231351	12	0.07	8.621229146
92	118.7231351	12	0.07	8.621229146
92	118.7231351	12	0.07	8.621229146
92	118.7231351	12	0.07	8.621229146
92	118.7231351	12	0.07	8.621229146
92	118.7231351	12	0.00	0
92	118.7231351	12	0.00	0
93	120.0873749	12	0.00	0
93	120.0873749	12	0.00	0
93	120.0873749	12	0.00	0
93	120.0873749	12	0.07	8.720295127
93	120.0873749	12	0.07	8.720295127
93	120.0873749	12	0.07	8.720295127
93	120.0873749	12	0.07	8.720295127
93	120.0873749	12	0.07	8.720295127
93	120.0873749	12	0.07	8.720295127
93	120.0873749	12	0.07	8.720295127
93	120.0873749	12	0.00	0
93	120.0873749	12	0.00	0
94	121.4516146	12	0.00	0
94	121.4516146	12	0.00	0
94	121.4516146	12	0.00	0
94	121.4516146	12	0.07	8.819361102
94	121.4516146	12	0.07	8.819361102
94	121.4516146	12	0.07	8.819361102
94	121.4516146	12	0.07	8.819361102
94	121.4516146	12	0.07	8.819361102
94	121.4516146	12	0.07	8.819361102
94	121.4516146	12	0.07	8.819361102
94	121.4516146	12	0.00	0
94	121.4516146	12	0.00	0
95	122.8158544	12	0.00	0
95	122.8158544	12	0.00	0
95	122.8158544	12	0.00	0
95	122.8158544	12	0.07	8.918427083
95	122.8158544	12	0.07	8.918427083
95	122.8158544	12	0.07	8.918427083
95	122.8158544	12	0.07	8.918427083
95	122.8158544	12	0.07	8.918427083
95	122.8158544	12	0.07	8.918427083
95	122.8158544	12	0.07	8.918427083
95	122.8158544	12	0.00	0
95	122.8158544	12	0.00	0
96	123.9401525	12	0.00	0
96	123.9401525	12	0.00	0
96	123.9401525	12	0.00	0
96	123.9401525	12	0.07	9.000069398
96	123.9401525	12	0.07	9.000069398
96	123.9401525	12	0.07	9.000069398
96	123.9401525	12	0.07	9.000069398
96	123.9401525	12	0.07	9.000069398
96	123.9401525	12	0.07	9.000069398
96	123.9401525	12	0.07	9.000069398
96	123.9401525	12	0.00	0
96	123.9401525	12	0.00	0
97	125.0644505	12	0.00	0
97	125.0644505	12	0.00	0
97	125.0644505	12	0.00	0
97	125.0644505	12	0.07	9.081711705
97	125.0644505	12	0.07	9.081711705
97	125.0644505	12	0.07	9.081711705
97	125.0644505	12	0.07	9.081711705
97	125.0644505	12	0.07	9.081711705
97	125.0644505	12	0.07	9.081711705
97	125.0644505	12	0.07	9.081711705
97	125.0644505	12	0.00	0
97	125.0644505	12	0.00	0
98	126.1887486	12	0.00	0
98	126.1887486	12	0.00	0
98	126.1887486	12	0.00	0
98	126.1887486	12	0.07	9.16335402
98	126.1887486	12	0.07	9.16335402
98	126.1887486	12	0.07	9.16335402
98	126.1887486	12	0.07	9.16335402
98	126.1887486	12	0.07	9.16335402
98	126.1887486	12	0.07	9.16335402
98	126.1887486	12	0.07	9.16335402
98	126.1887486	12	0.00	0
98	126.1887486	12	0.00	0
99	127.3130467	12	0.00	0
99	127.3130467	12	0.00	0
99	127.3130467	12	0.00	0
99	127.3130467	12	0.07	9.244996335
99	127.3130467	12	0.07	9.244996335
99	127.3130467	12	0.07	9.244996335
99	127.3130467	12	0.07	9.244996335
99	127.3130467	12	0.07	9.244996335
99	127.3130467	12	0.07	9.244996335
99	127.3130467	12	0.07	9.244996335
99	127.3130467	12	0.00	0
99	127.3130467	12	0.00	0
100	128.4373448	12	0.00	0
100	128.4373448	12	0.00	0
100	128.4373448	12	0.00	0
100	128.4373448	12	0.07	9.326638649
100	128.4373448	12	0.07	9.326638649
100	128.4373448	12	0.07	9.326638649
100	128.4373448	12	0.07	9.326638649
100	128.4373448	12	0.07	9.326638649
100	128.4373448	12	0.07	9.326638649
100	128.4373448	12	0.07	9.326638649
100	128.4373448	12	0.00	0
100	128.4373448	12	0.00	0
101	129.4540119	12	0.00	0
101	129.4540119	12	0.00	0
101	129.4540119	12	0.00	0
101	129.4540119	12	0.07	9.400465204
101	129.4540119	12	0.07	9.400465204
101	129.4540119	12	0.07	9.400465204
101	129.4540119	12	0.07	9.400465204
101	129.4540119	12	0.07	9.400465204
101	129.4540119	12	0.07	9.400465204
101	129.4540119	12	0.07	9.400465204
101	129.4540119	12	0.00	0
101	129.4540119	12	0.00	0
102	130.4405149	12	0.00	0
102	130.4405149	12	0.00	0
102	130.4405149	12	0.00	0
102	130.4405149	12	0.07	9.472101355
102	130.4405149	12	0.07	9.472101355
102	130.4405149	12	0.07	9.472101355
102	130.4405149	12	0.07	9.472101355
102	130.4405149	12	0.07	9.472101355
102	130.4405149	12	0.07	9.472101355
102	130.4405149	12	0.07	9.472101355
102	130.4405149	12	0.00	0
102	130.4405149	12	0.00	0
103	131.3971966	12	0.00	0
103	131.3971966	12	0.00	0
103	131.3971966	12	0.00	0
103	131.3971966	12	0.07	9.541571995
103	131.3971966	12	0.07	9.541571995
103	131.3971966	12	0.07	9.541571995
103	131.3971966	12	0.07	9.541571995
103	131.3971966	12	0.07	9.541571995
103	131.3971966	12	0.07	9.541571995
103	131.3971966	12	0.07	9.541571995
103	131.3971966	12	0.00	0
103	131.3971966	12	0.00	0
104	132.3254281	12	0.00	0
104	132.3254281	12	0.00	0
104	132.3254281	12	0.00	0
104	132.3254281	12	0.07	9.608976688
104	132.3254281	12	0.07	9.608976688
104	132.3254281	12	0.07	9.608976688
104	132.3254281	12	0.07	9.608976688
104	132.3254281	12	0.07	9.608976688
104	132.3254281	12	0.07	9.608976688
104	132.3254281	12	0.07	9.608976688
104	132.3254281	12	0.00	0
104	132.3254281	12	0.00	0
105	133.2255521	12	0.00	0
105	133.2255521	12	0.00	0
105	133.2255521	12	0.00	0
105	133.2255521	12	0.07	9.674340319
105	133.2255521	12	0.07	9.674340319
105	133.2255521	12	0.07	9.674340319
105	133.2255521	12	0.07	9.674340319
105	133.2255521	12	0.07	9.674340319
105	133.2255521	12	0.07	9.674340319
105	133.2255521	12	0.07	9.674340319
105	133.2255521	12	0.00	0
105	133.2255521	12	0.00	0
106	134.098597	12	0.00	0
106	134.098597	12	0.00	0
106	134.098597	12	0.00	0
106	134.098597	12	0.07	9.737737568
106	134.098597	12	0.07	9.737737568
106	134.098597	12	0.07	9.737737568
106	134.098597	12	0.07	9.737737568
106	134.098597	12	0.07	9.737737568
106	134.098597	12	0.07	9.737737568
106	134.098597	12	0.07	9.737737568
106	134.098597	12	0.00	0
106	134.098597	12	0.00	0
107	134.945591	12	0.00	0
107	134.945591	12	0.00	0
107	134.945591	12	0.00	0
107	134.945591	12	0.07	9.799243098
107	134.945591	12	0.07	9.799243098
107	134.945591	12	0.07	9.799243098
107	134.945591	12	0.07	9.799243098
107	134.945591	12	0.07	9.799243098
107	134.945591	12	0.07	9.799243098
107	134.945591	12	0.07	9.799243098
107	134.945591	12	0.00	0
107	134.945591	12	0.00	0
108	135.7672198	12	0.00	0
108	135.7672198	12	0.00	0
108	135.7672198	12	0.00	0
108	135.7672198	12	0.07	9.858906702
108	135.7672198	12	0.07	9.858906702
108	135.7672198	12	0.07	9.858906702
108	135.7672198	12	0.07	9.858906702
108	135.7672198	12	0.07	9.858906702
108	135.7672198	12	0.07	9.858906702
108	135.7672198	12	0.07	9.858906702
108	135.7672198	12	0.00	0
108	135.7672198	12	0.00	0
109	136.5641689	12	0.00	0
109	136.5641689	12	0.00	0
109	136.5641689	12	0.00	0
109	136.5641689	12	0.07	9.916778159
109	136.5641689	12	0.07	9.916778159
109	136.5641689	12	0.07	9.916778159
109	136.5641689	12	0.07	9.916778159
109	136.5641689	12	0.07	9.916778159
109	136.5641689	12	0.07	9.916778159
109	136.5641689	12	0.07	9.916778159
109	136.5641689	12	0.00	0
109	136.5641689	12	0.00	0
110	137.3371239	12	0.00	0
110	137.3371239	12	0.00	0
110	137.3371239	12	0.00	0
110	137.3371239	12	0.07	9.972907255
110	137.3371239	12	0.07	9.972907255
110	137.3371239	12	0.07	9.972907255
110	137.3371239	12	0.07	9.972907255
110	137.3371239	12	0.07	9.972907255
110	137.3371239	12	0.07	9.972907255
110	137.3371239	12	0.07	9.972907255
110	137.3371239	12	0.00	0
110	137.3371239	12	0.00	0
111	138.0871129	12	0.00	0
111	138.0871129	12	0.00	0
111	138.0871129	12	0.00	0
111	138.0871129	12	0.07	10.02736865
111	138.0871129	12	0.07	10.02736865
111	138.0871129	12	0.07	10.02736865
111	138.0871129	12	0.07	10.02736865
111	138.0871129	12	0.07	10.02736865
111	138.0871129	12	0.07	10.02736865
111	138.0871129	12	0.07	10.02736865
111	138.0871129	12	0.00	0
111	138.0871129	12	0.00	0
112	138.814479	12	0.00	0
112	138.814479	12	0.00	0
112	138.814479	12	0.00	0
112	138.814479	12	0.07	10.08018725
112	138.814479	12	0.07	10.08018725
112	138.814479	12	0.07	10.08018725
112	138.814479	12	0.07	10.08018725
112	138.814479	12	0.07	10.08018725
112	138.814479	12	0.07	10.08018725
112	138.814479	12	0.07	10.08018725
112	138.814479	12	0.00	0
112	138.814479	12	0.00	0
113	139.5199075	12	0.00	0
113	139.5199075	12	0.00	0
113	139.5199075	12	0.00	0
113	139.5199075	12	0.07	10.13141282
113	139.5199075	12	0.07	10.13141282
113	139.5199075	12	0.07	10.13141282
113	139.5199075	12	0.07	10.13141282
113	139.5199075	12	0.07	10.13141282
113	139.5199075	12	0.07	10.13141282
113	139.5199075	12	0.07	10.13141282
113	139.5199075	12	0.00	0
113	139.5199075	12	0.00	0
114	140.2044267	12	0.00	0
114	140.2044267	12	0.00	0
114	140.2044267	12	0.00	0
114	140.2044267	12	0.07	10.18112004
114	140.2044267	12	0.07	10.18112004
114	140.2044267	12	0.07	10.18112004
114	140.2044267	12	0.07	10.18112004
114	140.2044267	12	0.07	10.18112004
114	140.2044267	12	0.07	10.18112004
114	140.2044267	12	0.07	10.18112004
114	140.2044267	12	0.00	0
114	140.2044267	12	0.00	0
115	140.8680368	12	0.00	0
115	140.8680368	12	0.00	0
115	140.8680368	12	0.00	0
115	140.8680368	12	0.07	10.22930892
115	140.8680368	12	0.07	10.22930892
115	140.8680368	12	0.07	10.22930892
115	140.8680368	12	0.07	10.22930892
115	140.8680368	12	0.07	10.22930892
115	140.8680368	12	0.07	10.22930892
115	140.8680368	12	0.07	10.22930892
115	140.8680368	12	0.00	0
115	140.8680368	12	0.00	0
116	141.5121088	12	0.00	0
116	141.5121088	12	0.00	0
116	141.5121088	12	0.00	0
116	141.5121088	12	0.07	10.27607901
116	141.5121088	12	0.07	10.27607901
116	141.5121088	12	0.07	10.27607901
116	141.5121088	12	0.07	10.27607901
116	141.5121088	12	0.07	10.27607901
116	141.5121088	12	0.07	10.27607901
116	141.5121088	12	0.07	10.27607901
116	141.5121088	12	0.00	0
116	141.5121088	12	0.00	0
117	142.1366427	12	0.00	0
117	142.1366427	12	0.00	0
117	142.1366427	12	0.00	0
117	142.1366427	12	0.07	10.32143032
117	142.1366427	12	0.07	10.32143032
117	142.1366427	12	0.07	10.32143032
117	142.1366427	12	0.07	10.32143032
117	142.1366427	12	0.07	10.32143032
117	142.1366427	12	0.07	10.32143032
117	142.1366427	12	0.07	10.32143032
117	142.1366427	12	0.00	0
117	142.1366427	12	0.00	0
118	142.7426668	12	0.00	0
118	142.7426668	12	0.00	0
118	142.7426668	12	0.00	0
118	142.7426668	12	0.07	10.36543752
118	142.7426668	12	0.07	10.36543752
118	142.7426668	12	0.07	10.36543752
118	142.7426668	12	0.07	10.36543752
118	142.7426668	12	0.07	10.36543752
118	142.7426668	12	0.07	10.36543752
118	142.7426668	12	0.07	10.36543752
118	142.7426668	12	0.00	0
118	142.7426668	12	0.00	0
119	143.3301811	12	0.00	0
119	143.3301811	12	0.00	0
119	143.3301811	12	0.00	0
119	143.3301811	12	0.07	10.40810061
119	143.3301811	12	0.07	10.40810061
119	143.3301811	12	0.07	10.40810061
119	143.3301811	12	0.07	10.40810061
119	143.3301811	12	0.07	10.40810061
119	143.3301811	12	0.07	10.40810061
119	143.3301811	12	0.07	10.40810061
119	143.3301811	12	0.00	0
119	143.3301811	12	0.00	0
120	143.9002139	12	0.00	0
120	143.9002139	12	0.00	0
120	143.9002139	12	0.00	0
120	143.9002139	12	0.07	10.44949425
120	143.9002139	12	0.07	10.44949425
120	143.9002139	12	0.07	10.44949425
120	143.9002139	12	0.07	10.44949425
120	143.9002139	12	0.07	10.44949425
120	143.9002139	12	0.07	10.44949425
120	143.9002139	12	0.07	10.44949425
120	143.9002139	12	0.00	0
120	143.9002139	12	0.00	0
121	144.4531081	12	0.00	0
121	144.4531081	12	0.00	0
121	144.4531081	12	0.00	0
121	144.4531081	12	0.07	10.48964336
121	144.4531081	12	0.07	10.48964336
121	144.4531081	12	0.07	10.48964336
121	144.4531081	12	0.07	10.48964336
121	144.4531081	12	0.07	10.48964336
121	144.4531081	12	0.07	10.48964336
121	144.4531081	12	0.07	10.48964336
121	144.4531081	12	0.00	0
121	144.4531081	12	0.00	0
122	144.9895491	12	0.00	0
122	144.9895491	12	0.00	0
122	144.9895491	12	0.00	0
122	144.9895491	12	0.07	10.52859769
122	144.9895491	12	0.07	10.52859769
122	144.9895491	12	0.07	10.52859769
122	144.9895491	12	0.07	10.52859769
122	144.9895491	12	0.07	10.52859769
122	144.9895491	12	0.07	10.52859769
122	144.9895491	12	0.07	10.52859769
122	144.9895491	12	0.00	0
122	144.9895491	12	0.00	0
123	145.5098797	12	0.00	0
123	145.5098797	12	0.00	0
123	145.5098797	12	0.00	0
123	145.5098797	12	0.07	10.56638215
123	145.5098797	12	0.07	10.56638215
123	145.5098797	12	0.07	10.56638215
123	145.5098797	12	0.07	10.56638215
123	145.5098797	12	0.07	10.56638215
123	145.5098797	12	0.07	10.56638215
123	145.5098797	12	0.07	10.56638215
123	145.5098797	12	0.00	0
123	145.5098797	12	0.00	0
124	146.0144427	12	0.00	0
124	146.0144427	12	0.00	0
124	146.0144427	12	0.00	0
124	146.0144427	12	0.07	10.60302163
124	146.0144427	12	0.07	10.60302163
124	146.0144427	12	0.07	10.60302163
124	146.0144427	12	0.07	10.60302163
124	146.0144427	12	0.07	10.60302163
124	146.0144427	12	0.07	10.60302163
124	146.0144427	12	0.07	10.60302163
124	146.0144427	12	0.00	0
124	146.0144427	12	0.00	0
125	146.5039237	12	0.00	0
125	146.5039237	12	0.00	0
125	146.5039237	12	0.00	0
125	146.5039237	12	0.07	10.6385659
125	146.5039237	12	0.07	10.6385659
125	146.5039237	12	0.07	10.6385659
125	146.5039237	12	0.07	10.6385659
125	146.5039237	12	0.07	10.6385659
125	146.5039237	12	0.07	10.6385659
125	146.5039237	12	0.07	10.6385659
125	146.5039237	12	0.00	0
125	146.5039237	12	0.00	0
126	146.9790082	12	0.00	0
126	146.9790082	12	0.00	0
126	146.9790082	12	0.00	0
126	146.9790082	12	0.07	10.67306476
126	146.9790082	12	0.07	10.67306476
126	146.9790082	12	0.07	10.67306476
126	146.9790082	12	0.07	10.67306476
126	146.9790082	12	0.07	10.67306476
126	146.9790082	12	0.07	10.67306476
126	146.9790082	12	0.07	10.67306476
126	146.9790082	12	0.00	0
126	146.9790082	12	0.00	0
127	147.4393534	12	0.00	0
127	147.4393534	12	0.00	0
127	147.4393534	12	0.00	0
127	147.4393534	12	0.07	10.7064933
127	147.4393534	12	0.07	10.7064933
127	147.4393534	12	0.07	10.7064933
127	147.4393534	12	0.07	10.7064933
127	147.4393534	12	0.07	10.7064933
127	147.4393534	12	0.07	10.7064933
127	147.4393534	12	0.07	10.7064933
127	147.4393534	12	0.00	0
127	147.4393534	12	0.00	0
128	147.8863305	12	0.00	0
128	147.8863305	12	0.00	0
128	147.8863305	12	0.00	0
128	147.8863305	12	0.07	10.7389511
128	147.8863305	12	0.07	10.7389511
128	147.8863305	12	0.07	10.7389511
128	147.8863305	12	0.07	10.7389511
128	147.8863305	12	0.07	10.7389511
128	147.8863305	12	0.07	10.7389511
128	147.8863305	12	0.07	10.7389511
128	147.8863305	12	0.00	0
128	147.8863305	12	0.00	0
129	148.3195966	12	0.00	0
129	148.3195966	12	0.00	0
129	148.3195966	12	0.00	0
129	148.3195966	12	0.07	10.77041326
129	148.3195966	12	0.07	10.77041326
129	148.3195966	12	0.07	10.77041326
129	148.3195966	12	0.07	10.77041326
129	148.3195966	12	0.07	10.77041326
129	148.3195966	12	0.07	10.77041326
129	148.3195966	12	0.07	10.77041326
129	148.3195966	12	0.00	0
129	148.3195966	12	0.00	0
130	148.7398373	12	0.00	0
130	148.7398373	12	0.00	0
130	148.7398373	12	0.00	0
130	148.7398373	12	0.07	10.80092957
130	148.7398373	12	0.07	10.80092957
130	148.7398373	12	0.07	10.80092957
130	148.7398373	12	0.07	10.80092957
130	148.7398373	12	0.07	10.80092957
130	148.7398373	12	0.07	10.80092957
130	148.7398373	12	0.07	10.80092957
130	148.7398373	12	0.00	0
130	148.7398373	12	0.00	0
131	149.1477381	12	0.00	0
131	149.1477381	12	0.00	0
131	149.1477381	12	0.00	0
131	149.1477381	12	0.07	10.8305498
131	149.1477381	12	0.07	10.8305498
131	149.1477381	12	0.07	10.8305498
131	149.1477381	12	0.07	10.8305498
131	149.1477381	12	0.07	10.8305498
131	149.1477381	12	0.07	10.8305498
131	149.1477381	12	0.07	10.8305498
131	149.1477381	12	0.00	0
131	149.1477381	12	0.00	0
132	149.5432991	12	0.00	0
132	149.5432991	12	0.00	0
132	149.5432991	12	0.00	0
132	149.5432991	12	0.07	10.85927395
132	149.5432991	12	0.07	10.85927395
132	149.5432991	12	0.07	10.85927395
132	149.5432991	12	0.07	10.85927395
132	149.5432991	12	0.07	10.85927395
132	149.5432991	12	0.07	10.85927395
132	149.5432991	12	0.07	10.85927395
132	149.5432991	12	0.00	0
132	149.5432991	12	0.00	0
133	149.926863	12	0.00	0
133	149.926863	12	0.00	0
133	149.926863	12	0.00	0
133	149.926863	12	0.07	10.88712693
133	149.926863	12	0.07	10.88712693
133	149.926863	12	0.07	10.88712693
133	149.926863	12	0.07	10.88712693
133	149.926863	12	0.07	10.88712693
133	149.926863	12	0.07	10.88712693
133	149.926863	12	0.07	10.88712693
133	149.926863	12	0.00	0
133	149.926863	12	0.00	0
134	150.2991153	12	0.00	0
134	150.2991153	12	0.00	0
134	150.2991153	12	0.00	0
134	150.2991153	12	0.07	10.91415849
134	150.2991153	12	0.07	10.91415849
134	150.2991153	12	0.07	10.91415849
134	150.2991153	12	0.07	10.91415849
134	150.2991153	12	0.07	10.91415849
134	150.2991153	12	0.07	10.91415849
134	150.2991153	12	0.07	10.91415849
134	150.2991153	12	0.00	0
134	150.2991153	12	0.00	0
135	150.6600561	12	0.00	0
135	150.6600561	12	0.00	0
135	150.6600561	12	0.00	0
135	150.6600561	12	0.07	10.94036866
135	150.6600561	12	0.07	10.94036866
135	150.6600561	12	0.07	10.94036866
135	150.6600561	12	0.07	10.94036866
135	150.6600561	12	0.07	10.94036866
135	150.6600561	12	0.07	10.94036866
135	150.6600561	12	0.07	10.94036866
135	150.6600561	12	0.00	0
135	150.6600561	12	0.00	0
136	151.010371	12	0.00	0
136	151.010371	12	0.00	0
136	151.010371	12	0.00	0
136	151.010371	12	0.07	10.96580722
136	151.010371	12	0.07	10.96580722
136	151.010371	12	0.07	10.96580722
136	151.010371	12	0.07	10.96580722
136	151.010371	12	0.07	10.96580722
136	151.010371	12	0.07	10.96580722
136	151.010371	12	0.07	10.96580722
136	151.010371	12	0.00	0
136	151.010371	12	0.00	0
137	151.349717	12	0.00	0
137	151.349717	12	0.00	0
137	151.349717	12	0.00	0
137	151.349717	12	0.07	10.99044925
137	151.349717	12	0.07	10.99044925
137	151.349717	12	0.07	10.99044925
137	151.349717	12	0.07	10.99044925
137	151.349717	12	0.07	10.99044925
137	151.349717	12	0.07	10.99044925
137	151.349717	12	0.07	10.99044925
137	151.349717	12	0.00	0
137	151.349717	12	0.00	0
138	151.6794654	12	0.00	0
138	151.6794654	12	0.00	0
138	151.6794654	12	0.00	0
138	151.6794654	12	0.07	11.01439435
138	151.6794654	12	0.07	11.01439435
138	151.6794654	12	0.07	11.01439435
138	151.6794654	12	0.07	11.01439435
138	151.6794654	12	0.07	11.01439435
138	151.6794654	12	0.07	11.01439435
138	151.6794654	12	0.07	11.01439435
138	151.6794654	12	0.00	0
138	151.6794654	12	0.00	0
139	151.9989306	12	0.00	0
139	151.9989306	12	0.00	0
139	151.9989306	12	0.00	0
139	151.9989306	12	0.07	11.03759271
139	151.9989306	12	0.07	11.03759271
139	151.9989306	12	0.07	11.03759271
139	151.9989306	12	0.07	11.03759271
139	151.9989306	12	0.07	11.03759271
139	151.9989306	12	0.07	11.03759271
139	151.9989306	12	0.07	11.03759271
139	151.9989306	12	0.00	0
139	151.9989306	12	0.00	0
140	152.3087981	12	0.00	0
140	152.3087981	12	0.00	0
140	152.3087981	12	0.00	0
140	152.3087981	12	0.07	11.06009413
140	152.3087981	12	0.07	11.06009413
140	152.3087981	12	0.07	11.06009413
140	152.3087981	12	0.07	11.06009413
140	152.3087981	12	0.07	11.06009413
140	152.3087981	12	0.07	11.06009413
140	152.3087981	12	0.07	11.06009413
140	152.3087981	12	0.00	0
140	152.3087981	12	0.00	0
141	152.6094108	12	0.00	0
141	152.6094108	12	0.00	0
141	152.6094108	12	0.00	0
141	152.6094108	12	0.07	11.0819235
141	152.6094108	12	0.07	11.0819235
141	152.6094108	12	0.07	11.0819235
141	152.6094108	12	0.07	11.0819235
141	152.6094108	12	0.07	11.0819235
141	152.6094108	12	0.07	11.0819235
141	152.6094108	12	0.07	11.0819235
141	152.6094108	12	0.00	0
141	152.6094108	12	0.00	0
142	152.9011113	12	0.00	0
142	152.9011113	12	0.00	0
142	152.9011113	12	0.00	0
142	152.9011113	12	0.07	11.10310569
142	152.9011113	12	0.07	11.10310569
142	152.9011113	12	0.07	11.10310569
142	152.9011113	12	0.07	11.10310569
142	152.9011113	12	0.07	11.10310569
142	152.9011113	12	0.07	11.10310569
142	152.9011113	12	0.07	11.10310569
142	152.9011113	12	0.00	0
142	152.9011113	12	0.00	0
143	153.1842424	12	0.00	0
143	153.1842424	12	0.00	0
143	153.1842424	12	0.00	0
143	153.1842424	12	0.07	11.12366561
143	153.1842424	12	0.07	11.12366561
143	153.1842424	12	0.07	11.12366561
143	153.1842424	12	0.07	11.12366561
143	153.1842424	12	0.07	11.12366561
143	153.1842424	12	0.07	11.12366561
143	153.1842424	12	0.07	11.12366561
143	153.1842424	12	0.00	0
143	153.1842424	12	0.00	0
144	153.4584615	12	0.00	0
144	153.4584615	12	0.00	0
144	153.4584615	12	0.00	0
144	153.4584615	12	0.07	11.14357838
144	153.4584615	12	0.07	11.14357838
144	153.4584615	12	0.07	11.14357838
144	153.4584615	12	0.07	11.14357838
144	153.4584615	12	0.07	11.14357838
144	153.4584615	12	0.07	11.14357838
144	153.4584615	12	0.07	11.14357838
144	153.4584615	12	0.00	0
144	153.4584615	12	0.00	0
145	153.7247967	12	0.00	0
145	153.7247967	12	0.00	0
145	153.7247967	12	0.00	0
145	153.7247967	12	0.07	11.16291864
145	153.7247967	12	0.07	11.16291864
145	153.7247967	12	0.07	11.16291864
145	153.7247967	12	0.07	11.16291864
145	153.7247967	12	0.07	11.16291864
145	153.7247967	12	0.07	11.16291864
145	153.7247967	12	0.07	11.16291864
145	153.7247967	12	0.00	0
145	153.7247967	12	0.00	0
146	153.9829054	12	0.00	0
146	153.9829054	12	0.00	0
146	153.9829054	12	0.00	0
146	153.9829054	12	0.07	11.18166153
146	153.9829054	12	0.07	11.18166153
146	153.9829054	12	0.07	11.18166153
146	153.9829054	12	0.07	11.18166153
146	153.9829054	12	0.07	11.18166153
146	153.9829054	12	0.07	11.18166153
146	153.9829054	12	0.07	11.18166153
146	153.9829054	12	0.00	0
146	153.9829054	12	0.00	0
147	154.233473	12	0.00	0
147	154.233473	12	0.00	0
147	154.233473	12	0.00	0
147	154.233473	12	0.07	11.19985681
147	154.233473	12	0.07	11.19985681
147	154.233473	12	0.07	11.19985681
147	154.233473	12	0.07	11.19985681
147	154.233473	12	0.07	11.19985681
147	154.233473	12	0.07	11.19985681
147	154.233473	12	0.07	11.19985681
147	154.233473	12	0.00	0
147	154.233473	12	0.00	0
148	154.4764997	12	0.00	0
148	154.4764997	12	0.00	0
148	154.4764997	12	0.00	0
148	154.4764997	12	0.07	11.21750449
148	154.4764997	12	0.07	11.21750449
148	154.4764997	12	0.07	11.21750449
148	154.4764997	12	0.07	11.21750449
148	154.4764997	12	0.07	11.21750449
148	154.4764997	12	0.07	11.21750449
148	154.4764997	12	0.07	11.21750449
148	154.4764997	12	0.00	0
148	154.4764997	12	0.00	0
149	154.7119853	12	0.00	0
149	154.7119853	12	0.00	0
149	154.7119853	12	0.00	0
149	154.7119853	12	0.07	11.23460458
149	154.7119853	12	0.07	11.23460458
149	154.7119853	12	0.07	11.23460458
149	154.7119853	12	0.07	11.23460458
149	154.7119853	12	0.07	11.23460458
149	154.7119853	12	0.07	11.23460458
149	154.7119853	12	0.07	11.23460458
149	154.7119853	12	0.00	0
149	154.7119853	12	0.00	0
150	154.9406154	12	0.00	0
150	154.9406154	12	0.00	0
150	154.9406154	12	0.00	0
150	154.9406154	12	0.07	11.25120684
150	154.9406154	12	0.07	11.25120684
150	154.9406154	12	0.07	11.25120684
150	154.9406154	12	0.07	11.25120684
150	154.9406154	12	0.07	11.25120684
150	154.9406154	12	0.07	11.25120684
150	154.9406154	12	0.07	11.25120684
150	154.9406154	12	0.00	0
150	154.9406154	12	0.00	0
151	155.1623901	12	0.00	0
151	155.1623901	12	0.00	0
151	155.1623901	12	0.00	0
151	155.1623901	12	0.07	11.26731128
151	155.1623901	12	0.07	11.26731128
151	155.1623901	12	0.07	11.26731128
151	155.1623901	12	0.07	11.26731128
151	155.1623901	12	0.07	11.26731128
151	155.1623901	12	0.07	11.26731128
151	155.1623901	12	0.07	11.26731128
151	155.1623901	12	0.00	0
151	155.1623901	12	0.00	0
152	155.377652	12	0.00	0
152	155.377652	12	0.00	0
152	155.377652	12	0.00	0
152	155.377652	12	0.07	11.2829428
152	155.377652	12	0.07	11.2829428
152	155.377652	12	0.07	11.2829428
152	155.377652	12	0.07	11.2829428
152	155.377652	12	0.07	11.2829428
152	155.377652	12	0.07	11.2829428
152	155.377652	12	0.07	11.2829428
152	155.377652	12	0.00	0
152	155.377652	12	0.00	0
153	155.5860585	12	0.00	0
153	155.5860585	12	0.00	0
153	155.5860585	12	0.00	0
153	155.5860585	12	0.07	11.2980765
153	155.5860585	12	0.07	11.2980765
153	155.5860585	12	0.07	11.2980765
153	155.5860585	12	0.07	11.2980765
153	155.5860585	12	0.07	11.2980765
153	155.5860585	12	0.07	11.2980765
153	155.5860585	12	0.07	11.2980765
153	155.5860585	12	0.00	0
153	155.5860585	12	0.00	0
154	155.7886378	12	0.00	0
154	155.7886378	12	0.00	0
154	155.7886378	12	0.00	0
154	155.7886378	12	0.07	11.31278705
154	155.7886378	12	0.07	11.31278705
154	155.7886378	12	0.07	11.31278705
154	155.7886378	12	0.07	11.31278705
154	155.7886378	12	0.07	11.31278705
154	155.7886378	12	0.07	11.31278705
154	155.7886378	12	0.07	11.31278705
154	155.7886378	12	0.00	0
154	155.7886378	12	0.00	0
155	155.9847044	12	0.00	0
155	155.9847044	12	0.00	0
155	155.9847044	12	0.00	0
155	155.9847044	12	0.07	11.32702467
155	155.9847044	12	0.07	11.32702467
155	155.9847044	12	0.07	11.32702467
155	155.9847044	12	0.07	11.32702467
155	155.9847044	12	0.07	11.32702467
155	155.9847044	12	0.07	11.32702467
155	155.9847044	12	0.07	11.32702467
155	155.9847044	12	0.00	0
155	155.9847044	12	0.00	0
156	156.1752866	12	0.00	0
156	156.1752866	12	0.00	0
156	156.1752866	12	0.00	0
156	156.1752866	12	0.07	11.34086403
156	156.1752866	12	0.07	11.34086403
156	156.1752866	12	0.07	11.34086403
156	156.1752866	12	0.07	11.34086403
156	156.1752866	12	0.07	11.34086403
156	156.1752866	12	0.07	11.34086403
156	156.1752866	12	0.07	11.34086403
156	156.1752866	12	0.00	0
156	156.1752866	12	0.00	0
157	156.3600417	12	0.00	0
157	156.3600417	12	0.00	0
157	156.3600417	12	0.00	0
157	156.3600417	12	0.07	11.35428026
157	156.3600417	12	0.07	11.35428026
157	156.3600417	12	0.07	11.35428026
157	156.3600417	12	0.07	11.35428026
157	156.3600417	12	0.07	11.35428026
157	156.3600417	12	0.07	11.35428026
157	156.3600417	12	0.07	11.35428026
157	156.3600417	12	0.00	0
157	156.3600417	12	0.00	0
158	156.5389697	12	0.00	0
158	156.5389697	12	0.00	0
158	156.5389697	12	0.00	0
158	156.5389697	12	0.07	11.36727334
158	156.5389697	12	0.07	11.36727334
158	156.5389697	12	0.07	11.36727334
158	156.5389697	12	0.07	11.36727334
158	156.5389697	12	0.07	11.36727334
158	156.5389697	12	0.07	11.36727334
158	156.5389697	12	0.07	11.36727334
158	156.5389697	12	0.00	0
158	156.5389697	12	0.00	0
159	156.712756	12	0.00	0
159	156.712756	12	0.00	0
159	156.712756	12	0.00	0
159	156.712756	12	0.07	11.37989305
159	156.712756	12	0.07	11.37989305
159	156.712756	12	0.07	11.37989305
159	156.712756	12	0.07	11.37989305
159	156.712756	12	0.07	11.37989305
159	156.712756	12	0.07	11.37989305
159	156.712756	12	0.07	11.37989305
159	156.712756	12	0.00	0
159	156.712756	12	0.00	0
160	156.8814007	12	0.00	0
160	156.8814007	12	0.00	0
160	156.8814007	12	0.00	0
160	156.8814007	12	0.07	11.39213939
160	156.8814007	12	0.07	11.39213939
160	156.8814007	12	0.07	11.39213939
160	156.8814007	12	0.07	11.39213939
160	156.8814007	12	0.07	11.39213939
160	156.8814007	12	0.07	11.39213939
160	156.8814007	12	0.07	11.39213939
160	156.8814007	12	0.00	0
160	156.8814007	12	0.00	0
161	157.0449038	12	0.00	0
161	157.0449038	12	0.00	0
161	157.0449038	12	0.00	0
161	157.0449038	12	0.07	11.40401237
161	157.0449038	12	0.07	11.40401237
161	157.0449038	12	0.07	11.40401237
161	157.0449038	12	0.07	11.40401237
161	157.0449038	12	0.07	11.40401237
161	157.0449038	12	0.07	11.40401237
161	157.0449038	12	0.07	11.40401237
161	157.0449038	12	0.00	0
161	157.0449038	12	0.00	0
162	157.2036081	12	0.00	0
162	157.2036081	12	0.00	0
162	157.2036081	12	0.00	0
162	157.2036081	12	0.07	11.41553689
162	157.2036081	12	0.07	11.41553689
162	157.2036081	12	0.07	11.41553689
162	157.2036081	12	0.07	11.41553689
162	157.2036081	12	0.07	11.41553689
162	157.2036081	12	0.07	11.41553689
162	157.2036081	12	0.07	11.41553689
162	157.2036081	12	0.00	0
162	157.2036081	12	0.00	0
163	157.3575135	12	0.00	0
163	157.3575135	12	0.00	0
163	157.3575135	12	0.00	0
163	157.3575135	12	0.07	11.42671292
163	157.3575135	12	0.07	11.42671292
163	157.3575135	12	0.07	11.42671292
163	157.3575135	12	0.07	11.42671292
163	157.3575135	12	0.07	11.42671292
163	157.3575135	12	0.07	11.42671292
163	157.3575135	12	0.07	11.42671292
163	157.3575135	12	0.00	0
163	157.3575135	12	0.00	0
164	157.5066201	12	0.00	0
164	157.5066201	12	0.00	0
164	157.5066201	12	0.00	0
164	157.5066201	12	0.07	11.43754048
164	157.5066201	12	0.07	11.43754048
164	157.5066201	12	0.07	11.43754048
164	157.5066201	12	0.07	11.43754048
164	157.5066201	12	0.07	11.43754048
164	157.5066201	12	0.07	11.43754048
164	157.5066201	12	0.07	11.43754048
164	157.5066201	12	0.00	0
164	157.5066201	12	0.00	0
165	157.6512707	12	0.00	0
165	157.6512707	12	0.00	0
165	157.6512707	12	0.00	0
165	157.6512707	12	0.07	11.44804447
165	157.6512707	12	0.07	11.44804447
165	157.6512707	12	0.07	11.44804447
165	157.6512707	12	0.07	11.44804447
165	157.6512707	12	0.07	11.44804447
165	157.6512707	12	0.07	11.44804447
165	157.6512707	12	0.07	11.44804447
165	157.6512707	12	0.00	0
165	157.6512707	12	0.00	0
166	157.7918079	12	0.00	0
166	157.7918079	12	0.00	0
166	157.7918079	12	0.00	0
166	157.7918079	12	0.07	11.45824975
166	157.7918079	12	0.07	11.45824975
166	157.7918079	12	0.07	11.45824975
166	157.7918079	12	0.07	11.45824975
166	157.7918079	12	0.07	11.45824975
166	157.7918079	12	0.07	11.45824975
166	157.7918079	12	0.07	11.45824975
166	157.7918079	12	0.00	0
166	157.7918079	12	0.00	0
167	157.9278891	12	0.00	0
167	157.9278891	12	0.00	0
167	157.9278891	12	0.00	0
167	157.9278891	12	0.07	11.46813146
167	157.9278891	12	0.07	11.46813146
167	157.9278891	12	0.07	11.46813146
167	157.9278891	12	0.07	11.46813146
167	157.9278891	12	0.07	11.46813146
167	157.9278891	12	0.07	11.46813146
167	157.9278891	12	0.07	11.46813146
167	157.9278891	12	0.00	0
167	157.9278891	12	0.00	0
168	158.0601998	12	0.00	0
168	158.0601998	12	0.00	0
168	158.0601998	12	0.00	0
168	158.0601998	12	0.07	11.47773937
168	158.0601998	12	0.07	11.47773937
168	158.0601998	12	0.07	11.47773937
168	158.0601998	12	0.07	11.47773937
168	158.0601998	12	0.07	11.47773937
168	158.0601998	12	0.07	11.47773937
168	158.0601998	12	0.07	11.47773937
168	158.0601998	12	0.00	0
168	158.0601998	12	0.00	0
169	158.1883972	12	0.00	0
169	158.1883972	12	0.00	0
169	158.1883972	12	0.00	0
169	158.1883972	12	0.07	11.48704858
169	158.1883972	12	0.07	11.48704858
169	158.1883972	12	0.07	11.48704858
169	158.1883972	12	0.07	11.48704858
169	158.1883972	12	0.07	11.48704858
169	158.1883972	12	0.07	11.48704858
169	158.1883972	12	0.07	11.48704858
169	158.1883972	12	0.00	0
169	158.1883972	12	0.00	0
170	158.3124813	12	0.00	0
170	158.3124813	12	0.00	0
170	158.3124813	12	0.00	0
170	158.3124813	12	0.07	11.4960591
170	158.3124813	12	0.07	11.4960591
170	158.3124813	12	0.07	11.4960591
170	158.3124813	12	0.07	11.4960591
170	158.3124813	12	0.07	11.4960591
170	158.3124813	12	0.07	11.4960591
170	158.3124813	12	0.07	11.4960591
170	158.3124813	12	0.00	0
170	158.3124813	12	0.00	0
171	158.4331377	12	0.00	0
171	158.4331377	12	0.00	0
171	158.4331377	12	0.00	0
171	158.4331377	12	0.07	11.50482072
171	158.4331377	12	0.07	11.50482072
171	158.4331377	12	0.07	11.50482072
171	158.4331377	12	0.07	11.50482072
171	158.4331377	12	0.07	11.50482072
171	158.4331377	12	0.07	11.50482072
171	158.4331377	12	0.07	11.50482072
171	158.4331377	12	0.00	0
171	158.4331377	12	0.00	0
172	158.5500236	12	0.00	0
172	158.5500236	12	0.00	0
172	158.5500236	12	0.00	0
172	158.5500236	12	0.07	11.51330853
172	158.5500236	12	0.07	11.51330853
172	158.5500236	12	0.07	11.51330853
172	158.5500236	12	0.07	11.51330853
172	158.5500236	12	0.07	11.51330853
172	158.5500236	12	0.07	11.51330853
172	158.5500236	12	0.07	11.51330853
172	158.5500236	12	0.00	0
172	158.5500236	12	0.00	0
173	158.6634817	12	0.00	0
173	158.6634817	12	0.00	0
173	158.6634817	12	0.00	0
173	158.6634817	12	0.07	11.52154744
173	158.6634817	12	0.07	11.52154744
173	158.6634817	12	0.07	11.52154744
173	158.6634817	12	0.07	11.52154744
173	158.6634817	12	0.07	11.52154744
173	158.6634817	12	0.07	11.52154744
173	158.6634817	12	0.07	11.52154744
173	158.6634817	12	0.00	0
173	158.6634817	12	0.00	0
174	158.7735121	12	0.00	0
174	158.7735121	12	0.00	0
174	158.7735121	12	0.00	0
174	158.7735121	12	0.07	11.52953743
174	158.7735121	12	0.07	11.52953743
174	158.7735121	12	0.07	11.52953743
174	158.7735121	12	0.07	11.52953743
174	158.7735121	12	0.07	11.52953743
174	158.7735121	12	0.07	11.52953743
174	158.7735121	12	0.07	11.52953743
174	158.7735121	12	0.00	0
174	158.7735121	12	0.00	0
175	158.8804575	12	0.00	0
175	158.8804575	12	0.00	0
175	158.8804575	12	0.00	0
175	158.8804575	12	0.07	11.53730341
175	158.8804575	12	0.07	11.53730341
175	158.8804575	12	0.07	11.53730341
175	158.8804575	12	0.07	11.53730341
175	158.8804575	12	0.07	11.53730341
175	158.8804575	12	0.07	11.53730341
175	158.8804575	12	0.07	11.53730341
175	158.8804575	12	0.00	0
175	158.8804575	12	0.00	0
176	158.9839752	12	0.00	0
176	158.9839752	12	0.00	0
176	158.9839752	12	0.00	0
176	158.9839752	12	0.07	11.54482047
176	158.9839752	12	0.07	11.54482047
176	158.9839752	12	0.07	11.54482047
176	158.9839752	12	0.07	11.54482047
176	158.9839752	12	0.07	11.54482047
176	158.9839752	12	0.07	11.54482047
176	158.9839752	12	0.07	11.54482047
176	158.9839752	12	0.00	0
176	158.9839752	12	0.00	0
177	159.0844079	12	0.00	0
177	159.0844079	12	0.00	0
177	159.0844079	12	0.00	0
177	159.0844079	12	0.07	11.55211352
177	159.0844079	12	0.07	11.55211352
177	159.0844079	12	0.07	11.55211352
177	159.0844079	12	0.07	11.55211352
177	159.0844079	12	0.07	11.55211352
177	159.0844079	12	0.07	11.55211352
177	159.0844079	12	0.07	11.55211352
177	159.0844079	12	0.00	0
177	159.0844079	12	0.00	0
178	159.1817557	12	0.00	0
178	159.1817557	12	0.00	0
178	159.1817557	12	0.00	0
178	159.1817557	12	0.07	11.55918255
178	159.1817557	12	0.07	11.55918255
178	159.1817557	12	0.07	11.55918255
178	159.1817557	12	0.07	11.55918255
178	159.1817557	12	0.07	11.55918255
178	159.1817557	12	0.07	11.55918255
178	159.1817557	12	0.07	11.55918255
178	159.1817557	12	0.00	0
178	159.1817557	12	0.00	0
179	159.2763613	12	0.00	0
179	159.2763613	12	0.00	0
179	159.2763613	12	0.00	0
179	159.2763613	12	0.07	11.56605246
179	159.2763613	12	0.07	11.56605246
179	159.2763613	12	0.07	11.56605246
179	159.2763613	12	0.07	11.56605246
179	159.2763613	12	0.07	11.56605246
179	159.2763613	12	0.07	11.56605246
179	159.2763613	12	0.07	11.56605246
179	159.2763613	12	0.00	0
179	159.2763613	12	0.00	0
180	159.3678819	12	0.00	0
180	159.3678819	12	0.00	0
180	159.3678819	12	0.00	0
180	159.3678819	12	0.07	11.57269834
180	159.3678819	12	0.07	11.57269834
180	159.3678819	12	0.07	11.57269834
180	159.3678819	12	0.07	11.57269834
180	159.3678819	12	0.07	11.57269834
180	159.3678819	12	0.07	11.57269834
180	159.3678819	12	0.07	11.57269834
180	159.3678819	12	0.00	0
180	159.3678819	12	0.00	0
181	159.4570031	12	0.00	0
181	159.4570031	12	0.00	0
181	159.4570031	12	0.00	0
181	159.4570031	12	0.07	11.57916999
181	159.4570031	12	0.07	11.57916999
181	159.4570031	12	0.07	11.57916999
181	159.4570031	12	0.07	11.57916999
181	159.4570031	12	0.07	11.57916999
181	159.4570031	12	0.07	11.57916999
181	159.4570031	12	0.07	11.57916999
181	159.4570031	12	0.00	0
181	159.4570031	12	0.00	0
182	159.5430393	12	0.00	0
182	159.5430393	12	0.00	0
182	159.5430393	12	0.00	0
182	159.5430393	12	0.07	11.58541761
182	159.5430393	12	0.07	11.58541761
182	159.5430393	12	0.07	11.58541761
182	159.5430393	12	0.07	11.58541761
182	159.5430393	12	0.07	11.58541761
182	159.5430393	12	0.07	11.58541761
182	159.5430393	12	0.07	11.58541761
182	159.5430393	12	0.00	0
182	159.5430393	12	0.00	0
183	159.6266761	12	0.00	0
183	159.6266761	12	0.00	0
183	159.6266761	12	0.00	0
183	159.6266761	12	0.07	11.591491
183	159.6266761	12	0.07	11.591491
183	159.6266761	12	0.07	11.591491
183	159.6266761	12	0.07	11.591491
183	159.6266761	12	0.07	11.591491
183	159.6266761	12	0.07	11.591491
183	159.6266761	12	0.07	11.591491
183	159.6266761	12	0.00	0
183	159.6266761	12	0.00	0
184	159.7079135	12	0.00	0
184	159.7079135	12	0.00	0
184	159.7079135	12	0.00	0
184	159.7079135	12	0.07	11.59739016
184	159.7079135	12	0.07	11.59739016
184	159.7079135	12	0.07	11.59739016
184	159.7079135	12	0.07	11.59739016
184	159.7079135	12	0.07	11.59739016
184	159.7079135	12	0.07	11.59739016
184	159.7079135	12	0.07	11.59739016
184	159.7079135	12	0.00	0
184	159.7079135	12	0.00	0
185	159.7867515	12	0.00	0
185	159.7867515	12	0.00	0
185	159.7867515	12	0.00	0
185	159.7867515	12	0.07	11.60311508
185	159.7867515	12	0.07	11.60311508
185	159.7867515	12	0.07	11.60311508
185	159.7867515	12	0.07	11.60311508
185	159.7867515	12	0.07	11.60311508
185	159.7867515	12	0.07	11.60311508
185	159.7867515	12	0.07	11.60311508
185	159.7867515	12	0.00	0
185	159.7867515	12	0.00	0
186	159.86319	12	0.00	0
186	159.86319	12	0.00	0
186	159.86319	12	0.00	0
186	159.86319	12	0.07	11.60866576
186	159.86319	12	0.07	11.60866576
186	159.86319	12	0.07	11.60866576
186	159.86319	12	0.07	11.60866576
186	159.86319	12	0.07	11.60866576
186	159.86319	12	0.07	11.60866576
186	159.86319	12	0.07	11.60866576
186	159.86319	12	0.00	0
186	159.86319	12	0.00	0
187	159.9372292	12	0.00	0
187	159.9372292	12	0.00	0
187	159.9372292	12	0.00	0
187	159.9372292	12	0.07	11.61404221
187	159.9372292	12	0.07	11.61404221
187	159.9372292	12	0.07	11.61404221
187	159.9372292	12	0.07	11.61404221
187	159.9372292	12	0.07	11.61404221
187	159.9372292	12	0.07	11.61404221
187	159.9372292	12	0.07	11.61404221
187	159.9372292	12	0.00	0
187	159.9372292	12	0.00	0
188	160.0088689	12	0.00	0
188	160.0088689	12	0.00	0
188	160.0088689	12	0.00	0
188	160.0088689	12	0.07	11.61924441
188	160.0088689	12	0.07	11.61924441
188	160.0088689	12	0.07	11.61924441
188	160.0088689	12	0.07	11.61924441
188	160.0088689	12	0.07	11.61924441
188	160.0088689	12	0.07	11.61924441
188	160.0088689	12	0.07	11.61924441
188	160.0088689	12	0.00	0
188	160.0088689	12	0.00	0
189	160.0787947	12	0.00	0
189	160.0787947	12	0.00	0
189	160.0787947	12	0.00	0
189	160.0787947	12	0.07	11.62432216
189	160.0787947	12	0.07	11.62432216
189	160.0787947	12	0.07	11.62432216
189	160.0787947	12	0.07	11.62432216
189	160.0787947	12	0.07	11.62432216
189	160.0787947	12	0.07	11.62432216
189	160.0787947	12	0.07	11.62432216
189	160.0787947	12	0.00	0
189	160.0787947	12	0.00	0
190	160.1463212	12	0.00	0
190	160.1463212	12	0.00	0
190	160.1463212	12	0.00	0
190	160.1463212	12	0.07	11.62922568
190	160.1463212	12	0.07	11.62922568
190	160.1463212	12	0.07	11.62922568
190	160.1463212	12	0.07	11.62922568
190	160.1463212	12	0.07	11.62922568
190	160.1463212	12	0.07	11.62922568
190	160.1463212	12	0.07	11.62922568
190	160.1463212	12	0.00	0
190	160.1463212	12	0.00	0
191	160.211791	12	0.00	0
191	160.211791	12	0.00	0
191	160.211791	12	0.00	0
191	160.211791	12	0.07	11.63397985
191	160.211791	12	0.07	11.63397985
191	160.211791	12	0.07	11.63397985
191	160.211791	12	0.07	11.63397985
191	160.211791	12	0.07	11.63397985
191	160.211791	12	0.07	11.63397985
191	160.211791	12	0.07	11.63397985
191	160.211791	12	0.00	0
191	160.211791	12	0.00	0
192	160.2755469	12	0.00	0
192	160.2755469	12	0.00	0
192	160.2755469	12	0.00	0
192	160.2755469	12	0.07	11.63860957
192	160.2755469	12	0.07	11.63860957
192	160.2755469	12	0.07	11.63860957
192	160.2755469	12	0.07	11.63860957
192	160.2755469	12	0.07	11.63860957
192	160.2755469	12	0.07	11.63860957
192	160.2755469	12	0.07	11.63860957
192	160.2755469	12	0.00	0
192	160.2755469	12	0.00	0
193	160.3372462	12	0.00	0
193	160.3372462	12	0.00	0
193	160.3372462	12	0.00	0
193	160.3372462	12	0.07	11.64308994
193	160.3372462	12	0.07	11.64308994
193	160.3372462	12	0.07	11.64308994
193	160.3372462	12	0.07	11.64308994
193	160.3372462	12	0.07	11.64308994
193	160.3372462	12	0.07	11.64308994
193	160.3372462	12	0.07	11.64308994
193	160.3372462	12	0.00	0
193	160.3372462	12	0.00	0
194	160.3968888	12	0.00	0
194	160.3968888	12	0.00	0
194	160.3968888	12	0.00	0
194	160.3968888	12	0.07	11.64742096
194	160.3968888	12	0.07	11.64742096
194	160.3968888	12	0.07	11.64742096
194	160.3968888	12	0.07	11.64742096
194	160.3968888	12	0.07	11.64742096
194	160.3968888	12	0.07	11.64742096
194	160.3968888	12	0.07	11.64742096
194	160.3968888	12	0.00	0
194	160.3968888	12	0.00	0
195	160.4551604	12	0.00	0
195	160.4551604	12	0.00	0
195	160.4551604	12	0.00	0
195	160.4551604	12	0.07	11.65165243
195	160.4551604	12	0.07	11.65165243
195	160.4551604	12	0.07	11.65165243
195	160.4551604	12	0.07	11.65165243
195	160.4551604	12	0.07	11.65165243
195	160.4551604	12	0.07	11.65165243
195	160.4551604	12	0.07	11.65165243
195	160.4551604	12	0.00	0
195	160.4551604	12	0.00	0
196	160.5113753	12	0.00	0
196	160.5113753	12	0.00	0
196	160.5113753	12	0.00	0
196	160.5113753	12	0.07	11.65573454
196	160.5113753	12	0.07	11.65573454
196	160.5113753	12	0.07	11.65573454
196	160.5113753	12	0.07	11.65573454
196	160.5113753	12	0.07	11.65573454
196	160.5113753	12	0.07	11.65573454
196	160.5113753	12	0.07	11.65573454
196	160.5113753	12	0.00	0
196	160.5113753	12	0.00	0
197	160.5658763	12	0.00	0
197	160.5658763	12	0.00	0
197	160.5658763	12	0.00	0
197	160.5658763	12	0.07	11.6596922
197	160.5658763	12	0.07	11.6596922
197	160.5658763	12	0.07	11.6596922
197	160.5658763	12	0.07	11.6596922
197	160.5658763	12	0.07	11.6596922
197	160.5658763	12	0.07	11.6596922
197	160.5658763	12	0.07	11.6596922
197	160.5658763	12	0.00	0
197	160.5658763	12	0.00	0
198	160.6190063	12	0.00	0
198	160.6190063	12	0.00	0
198	160.6190063	12	0.00	0
198	160.6190063	12	0.07	11.6635503
198	160.6190063	12	0.07	11.6635503
198	160.6190063	12	0.07	11.6635503
198	160.6190063	12	0.07	11.6635503
198	160.6190063	12	0.07	11.6635503
198	160.6190063	12	0.07	11.6635503
198	160.6190063	12	0.07	11.6635503
198	160.6190063	12	0.00	0
198	160.6190063	12	0.00	0
199	160.6704223	12	0.00	0
199	160.6704223	12	0.00	0
199	160.6704223	12	0.00	0
199	160.6704223	12	0.07	11.66728394
199	160.6704223	12	0.07	11.66728394
199	160.6704223	12	0.07	11.66728394
199	160.6704223	12	0.07	11.66728394
199	160.6704223	12	0.07	11.66728394
199	160.6704223	12	0.07	11.66728394
199	160.6704223	12	0.07	11.66728394
199	160.6704223	12	0.00	0
199	160.6704223	12	0.00	0
