"Sample.nr."	"Pit_nr"	"Name"	"Sample.nr..1"	"Pit_nr.1"	"Name.1"	"Age"	"Horizon"	"PSA_nr"	"pH"	"Nperc"	"Cperc"	"Depth"	"Stones_observed_perc"	"Sotnes_measured_perc"	"Moisture"	"BD"	"Clay"	"Silt"	"Sand"	"PSA_Moisture"	"Horizon_Width"	"Comments"	"N_tha"	"C_tha"	"marker"	"newBD2"	"N_tha_Ohnew"	"C_tha_Ohnew"
88	1	"TULL"	88	1	"TULL"	"GRASS"	"Ah_LOW"	20	5.16	0.255	3.735	49	0.1	0.088140308	35.89472504	0.883254964	11.3	29.2	59.5	21.8	25	NA	5.6307503955	82.4739322635	"1_Ah_LOW"	0.883254964	5.6307503955	82.4739322635
89	1	"TULL"	89	1	"TULL"	"GRASS"	"Bhs"	21	5.28	0.068	0.946	75	0.15	0.170861701	17.5566191	0.818967387	4.1	24	71.9	11.5	26	NA	1.447934340216	20.143321850652	"1_Bhs"	0.818967387	1.447934340216	20.143321850652
95	1	"TULL"	95	1	"TULL"	"GRASS"	"Ah_UPP"	19	4.83	0.468	6.448	24	0.05	0.088140308	35.89472504	0.883254964	17.5	23	59.5	30.1	24	NA	9.920719755648	136.685472188928	"1_Ah_UPP"	0.883254964	9.920719755648	136.685472188928
97	2	"TULL"	97	2	"TULL"	"V.OLD"	"Oh_UPP"	NA	2.93	1.539	51.112	5	0	0	386.6834388	0.11374	NA	NA	NA	NA	5	NA	0.8752293	29.0673944	"2_Oh_UPP"	0.131433681178624	1.01138217666951	33.5891915620092
98	2	"TULL"	98	2	"TULL"	"V.OLD"	"Oh_LOW"	NA	2.88	1.569	48.754	15	0	0	374.4665195	0.1359	NA	NA	NA	NA	10	NA	2.132271	66.256686	"2_Oh_LOW"	0.151099983673407	2.37075874383576	73.6672860401328
99	2	"TULL"	99	2	"TULL"	"V.OLD"	"Ah"	NA	2.89	0.932	32.603	15.5	0	0.079154863	63.91897691	0.51583011	9.05	22.15	68.8	23.4	0.5	NA	0.24037683126	8.408804538165	"2_Ah"	0.51583011	0.24037683126	8.408804538165
100	2	"TULL"	100	2	"TULL"	"V.OLD"	"E"	22	3.81	0.097	2.893	22.5	0.25	0.090649321	19.34075118	0.327093379	5.6	24.1	70.3	9.99	7	NA	0.222096404341	6.623968018129	"2_E"	0.327093379	0.222096404341	6.623968018129
101	2	"TULL"	101	2	"TULL"	"V.OLD"	"Bhs"	23	4.3	0.069	1.746	59	0.15	0.13596131	27.02308607	0.52288988	3.1	26.7	70.2	18.6	36.5	NA	1.31689816278	33.32324916252	"2_Bhs"	0.52288988	1.31689816278	33.32324916252
60	3	"TULL"	60	3	"TULL"	"OLD"	"Oh_UPP"	NA	3.22	1.484	48.981	4	0	0	436.7549278	0.10513	NA	NA	NA	NA	4	NA	0.62405168	20.59749012	"3_Oh_UPP"	0.133044191287239	0.789750319481051	26.066550133761
61	3	"TULL"	61	3	"TULL"	"OLD"	"Oh_LOW"	NA	2.81	1.434	49.8	14	0	0	322.0809361	0.140684314	NA	NA	NA	NA	10	NA	2.01741306276	70.060788372	"3_Oh_LOW"	0.145191438416007	2.08204522688554	72.3053363311715
62	3	"TULL"	62	3	"TULL"	"OLD"	"Ah"	24	3.13	0.411	17.058	14.5	0	0.079154863	63.91897691	0.51583011	17.9	33.2	48.9	40.2	0.5	NA	0.106003087605	4.39951500819	"3_Ah"	0.51583011	0.106003087605	4.39951500819
63	3	"TULL"	63	3	"TULL"	"OLD"	"E"	25	3.53	0.119	3.553	17	0.2	0.078426811	27.86170938	0.44651887	6.6	24.1	69.3	12.3	2.5	NA	0.132839363825	3.966203862775	"3_E"	0.44651887	0.132839363825	3.966203862775
64	3	"TULL"	64	3	"TULL"	"OLD"	"Bhs"	26	4.22	0.048	0.796	60	0.4	0.152300997	26.47899573	0.712812976	2.3	19.7	78	12.7	43	NA	1.471245982464	24.398162542528	"3_Bhs"	0.712812976	1.471245982464	24.398162542528
103	4	"MOR"	103	4	"MOR"	"GRASS"	"Ah_UPP"	NA	4.85	0.486	6.706	10	0	0.154005927	39.10697273	0.621415666	19	27.1	53.9	32.15	10	NA	3.02008013676	41.67213456196	"4_Ah_UPP"	0.621415666	3.02008013676	41.67213456196
104	4	"MOR"	104	4	"MOR"	"GRASS"	"Ah_LOW"	NA	5.1	0.374	5.549	34	0.25	0.154005927	39.10697273	0.621415666	10.65	23.4	65.95	22.425	24	NA	5.577827018016	82.757652735216	"4_Ah_LOW"	0.621415666	5.577827018016	82.757652735216
105	4	"MOR"	105	4	"MOR"	"GRASS"	"Bhs"	NA	5.28	0.151	2.398	51	0.7	0.396354911	21.58073024	0.767812557	4.45	26.55	69	12.7	41	NA	4.753527540387	75.489794979126	"4_Bhs"	0.767812557	4.753527540387	75.489794979126
66	5	"MOR"	66	5	"MOR"	"OLD"	"Oh_UPP"	NA	2.92	1.491	50.501	2	0	0	259.5095167	0.145870588	NA	NA	NA	NA	2	NA	0.434986093416	14.733221129176	"5_Oh_UPP"	0.137605737041196	0.410340307856847	13.8984546526349
67	5	"MOR"	67	5	"MOR"	"OLD"	"Oh_LOW"	NA	2.86	1.379	49.319	12.5	0	0	230.0759022	0.154941177	NA	NA	NA	NA	10.5	NA	2.2434707723715	80.2362110388615	"5_Oh_LOW"	0.140668384984554	2.03680788038385	72.8450528300588
68	5	"MOR"	68	5	"MOR"	"OLD"	"E"	27	2.96	0.106	5.284	14.5	0.05	0.098616416	21.70917614	0.922355123	7.6	20.9	71.5	14.6	2	NA	0.195539286076	9.747448939864	"5_E"	0.922355123	0.195539286076	9.747448939864
69	5	"MOR"	69	5	"MOR"	"OLD"	"Bhs"	28	4.21	0.065	2.026	70	0.6	0.303514524	8.551189925	0.696432934	3	7.4	89.6	16	55.5	NA	2.512381809405	78.309008397762	"5_Bhs"	0.696432934	2.512381809405	78.309008397762
91	6	"MOR"	91	6	"MOR"	"V.OLD"	"Oh_UPP"	NA	3.21	1.535	47.922	4	0	0	326.4044815	0.120043137	NA	NA	NA	NA	4	NA	0.73706486118	23.010828845256	"6_Oh_UPP"	0.125432776403044	0.77015724711469	24.0439580431467
92	6	"MOR"	92	6	"MOR"	"V.OLD"	"Oh_LOW"	NA	2.84	1.241	48.842	22.2	0	0	270.30919	0.133780392	NA	NA	NA	NA	18.2	NA	3.0215906897904	118.920654690365	"6_Oh_LOW"	0.127719952620257	2.88470839387165	113.53338225099
93	6	"MOR"	93	6	"MOR"	"V.OLD"	"Ah"	NA	3.01	0.62	27.601	22.7	0	0.079154863	63.91897691	0.51583011	9.05	22.15	68.8	23.4	0.5	NA	0.1599073341	7.118713433055	"6_Ah"	0.51583011	0.1599073341	7.118713433055
94	6	"MOR"	94	6	"MOR"	"V.OLD"	"E"	29	3.06	0.128	5.25	24.7	0.1	0.11301444	27.09292	0.804862133	7.8	22	70.2	14.5	2	NA	0.206044706048	8.4510523965	"6_E"	0.804862133	0.206044706048	8.4510523965
96	6	"MOR"	96	6	"MOR"	"V.OLD"	"Bhs"	30	5.45	0.133	2.146	59	0.6	0.339907882	6.318558933	1.245734807	3.7	12.2	84.1	16.1	34.3	NA	5.6829176160533	91.6957985266946	"6_Bhs"	1.245734807	5.6829176160533	91.6957985266946
70	7	"DRUM"	70	7	"DRUM"	"GRASS"	"Ah_UPP"	31	4.55	0.53	9.805	10	0.05	0.08607596	59.40955571	0.629888576	20.5	31.2	48.3	34.2	10	NA	3.3384094528	61.7605748768	"7_Ah_UPP"	0.629888576	3.3384094528	61.7605748768
71	7	"DRUM"	71	7	"DRUM"	"GRASS"	"Ah_LOW"	32	4.86	0.262	4.084	28	0.1	0.08607596	59.40955571	0.629888576	9.3	25.8	64.9	18.6	18	NA	2.970554524416	46.304368998912	"7_Ah_LOW"	0.629888576	2.970554524416	46.304368998912
72	7	"DRUM"	72	7	"DRUM"	"GRASS"	"Bhs"	33	4.96	0.103	1.339	60	0.275	0.283608306	19.56867467	0.793389972	4.8	29.1	66.1	13.9	32	NA	2.615013347712	33.995173520256	"7_Bhs"	0.793389972	2.615013347712	33.995173520256
31	9	"DRUM"	31	9	"DRUM"	"YNG"	"Oh_UPP"	NA	2.96	1.081	31.763	10	0	0	509.1873363	0.116905882	NA	NA	NA	NA	10	NA	1.26375258442	37.13281529966	"9_Oh_UPP"	0.159604857563689	1.72532851026348	50.6952909079545
32	9	"DRUM"	32	9	"DRUM"	"YNG"	"Ah"	NA	3.11	0.209	9.095	10.5	0	0.079154863	63.91897691	0.51583011	4.85	15.2	79.8	10.45	0.5	NA	0.053904246495	2.345737425225	"9_Ah"	0.51583011	0.053904246495	2.345737425225
33	9	"DRUM"	33	9	"DRUM"	"YNG"	"E"	36	3.23	0.088	2.758	14.5	0.05	0.329134563	19.63966928	0.744338519	5.8	26.6	67.6	7.45	4	NA	0.262007158688	8.211542541608	"9_E"	0.744338519	0.262007158688	8.211542541608
34	9	"DRUM"	34	9	"DRUM"	"YNG"	"Bhs"	37	4.38	0.058	1.821	57	0.1	0.245897083	25.21037359	0.770597454	4.8	29.3	65.9	14.7	42.5	NA	1.89952272411	59.638463458695	"9_Bhs"	0.770597454	1.89952272411	59.638463458695
80	10	"DRUM"	80	10	"DRUM"	"YNG"	"Oh_UPP"	NA	2.96	1.259	42.131	2	0	0	442.1968537	0.138403921	NA	NA	NA	NA	2	NA	0.348501073078	11.662191191302	"10_Oh_UPP"	0.167428909265361	0.421585993530179	14.1078947525178
81	10	"DRUM"	81	10	"DRUM"	"YNG"	"Oh_LOW"	NA	2.93	1.28	51.33	13	0	0	315.6721825	0.163262745	NA	NA	NA	NA	11	NA	2.2987394496	92.18304370935	"10_Oh_LOW"	0.16646172515546	2.34378109018888	93.9892838745274
82	10	"DRUM"	82	10	"DRUM"	"YNG"	"Ah"	38	2.99	0.263	8.109	14	0	0.079154863	63.91897691	0.51583011	11.8	30.8	57.4	30.7	1	NA	0.13566331893	4.18286636199	"10_Ah"	0.51583011	0.13566331893	4.18286636199
83	10	"DRUM"	83	10	"DRUM"	"YNG"	"E"	39	3.53	0.05	1.132	17	0.2	0.192343828	19.95540853	0.911885168	4.1	22.9	73	4.88	3	NA	0.1367827752	3.096762030528	"10_E"	0.911885168	0.1367827752	3.096762030528
84	10	"DRUM"	84	10	"DRUM"	"YNG"	"Bhs"	40	4.25	0.119	4.003	50	0.6	0.272424883	29.23909553	0.716901532	5	16.1	78.9	32.4	33	NA	2.815272316164	94.701975475668	"10_Bhs"	0.716901532	2.815272316164	94.701975475668
19	11	"COYL"	19	11	"COYL"	"YNG"	"Oh_UPP"	NA	3.16	1.435	49.622	2	0	0	433.201462	0.080584314	NA	NA	NA	NA	2	NA	0.23127698118	7.997509658616	"11_Oh_UPP"	0.10777317768355	0.309309019951788	10.6958412460262
20	11	"COYL"	20	11	"COYL"	"YNG"	"Oh_LOW"	NA	2.81	1.259	49.328	11.45	0	0	354.0523758	0.146050981	NA	NA	NA	NA	9.45	NA	1.73764884899655	68.0816063727576	"11_Oh_LOW"	0.157084063184925	1.8689154959458	73.2246732200275
21	11	"COYL"	21	11	"COYL"	"YNG"	"Ah"	48	2.78	0.335	16.436	12	0.05	0.079154863	63.91897691	0.51583011	4.85	15.2	79.8	10.45	0.55	NA	0.0950416977675	4.663001028378	"11_Ah"	0.51583011	0.0950416977675	4.663001028378
22	11	"COYL"	22	11	"COYL"	"YNG"	"E"	49	3.42	0.039	0.43	21	0.45	0.174248523	18.20722615	0.800876426	2.5	17.6	79.9	3.06	9	NA	0.281107625526	3.09939176862	"11_E"	0.800876426	0.281107625526	3.09939176862
23	11	"COYL"	23	11	"COYL"	"YNG"	"Bhs"	NA	4.5	0.057	1.306	51	0.6	0.217401701	19.15037924	0.887518379	2.5	10	87.5	21.1	30	NA	1.51765642809	34.77297008922	"11_Bhs"	0.887518379	1.51765642809	34.77297008922
25	12	"L.EIL"	25	12	"L.EIL"	"YNG"	"Oh_UPP"	NA	2.73	1.101	52.439	4	0	0	407.4614772	0.119345098	NA	NA	NA	NA	4	NA	0.525595811592	25.033350376088	"12_Oh_UPP"	0.141279958255691	0.622196936158063	29.6343189238807
26	12	"L.EIL"	26	12	"L.EIL"	"YNG"	"Oh_LOW"	NA	2.67	1.292	50.168	17	0	0	365.3444116	0.144933333	NA	NA	NA	NA	13	NA	2.434300261068	94.523200849272	"12_Oh_LOW"	0.158271326988941	2.65832520810625	103.222027120956
27	12	"L.EIL"	27	12	"L.EIL"	"YNG"	"Ah"	43	2.84	0.198	9.059	17.5	0.05	0.079154863	63.91897691	0.51583011	4.3	12.3	83.1	10.4	0.5	NA	0.05106718089	2.336452483245	"12_Ah"	0.51583011	0.05106718089	2.336452483245
28	12	"L.EIL"	28	12	"L.EIL"	"YNG"	"E"	44	3.27	0.055	1.034	20.5	0.05	0.161304874	19.89084727	1.06830247	3.9	23.4	72.7	3.76	3	NA	0.17626990755	3.31387426194	"12_E"	1.06830247	0.17626990755	3.31387426194
29	12	"L.EIL"	29	12	"L.EIL"	"YNG"	"Bhs"	45	4.2	0.112	3.452	51	0.22	0.113861722	38.28307897	0.583869346	3.8	12.3	74.9	23	31.5	NA	2.059891052688	63.488784945348	"12_Bhs"	0.583869346	2.059891052688	63.488784945348
54	13	"L.EIL"	54	13	"L.EIL"	"YNG"	"Oh_UPP"	NA	2.9	1.575	50.021	3	0	0	433.201462	0.080584314	NA	NA	NA	NA	3	NA	0.38076088365	12.092723911782	"13_Oh_UPP"	0.10777317768355	0.509228264554774	16.1727663627266
55	13	"L.EIL"	55	13	"L.EIL"	"YNG"	"Oh_LOW"	NA	2.86	0.913	36.826	8	0	0	354.0523758	0.146050981	NA	NA	NA	NA	8	NA	1.066756365224	43.027787410448	"13_Oh_LOW"	0.157084063184925	1.14734199750269	46.2782216867844
57	13	"L.EIL"	57	13	"L.EIL"	"YNG"	"E"	46	3.18	0.051	1.636	14	0.05	0.174248523	18.20722615	0.800876426	5.4	20.6	74	7.12	3	NA	0.122534093178	3.930701498808	"13_E"	0.800876426	0.122534093178	3.930701498808
58	13	"L.EIL"	58	13	"L.EIL"	"YNG"	"Bhs"	47	4.37	0.056	1.203	73	0.15	0.217401701	19.15037924	0.887518379	2.7	17.9	79.4	18.1	59	NA	2.932360724216	62.993391986283	"13_Bhs"	0.887518379	2.932360724216	62.993391986283
74	14	"COYL"	74	14	"COYL"	"YNG"	"Oh_UPP"	NA	3	1.395	50.736	1	0	0	457.8373875	0.133454902	NA	NA	NA	NA	1	"next to river"	0.18616958829	6.770967907872	"14_Oh_UPP"	0.16567241034015	0.231113012424509	8.40555541101785
75	14	"COYL"	75	14	"COYL"	"YNG"	"Oh_LOW"	NA	2.89	1.304	49.565	11	0	0	280.3234406	0.189517647	NA	NA	NA	NA	11	NA	2.718441128568	103.327863909105	"14_Oh_LOW"	0.185501300007593	2.66083064730891	101.13809128364
76	14	"COYL"	76	14	"COYL"	"YNG"	"Ah"	NA	2.84	0.267	13.352	12	0.1	0.079154863	63.91897691	0.51583011	4.85	15.2	79.8	10.45	1	NA	0.13772663937	6.88736362872	"14_Ah"	0.51583011	0.13772663937	6.88736362872
77	14	"COYL"	77	14	"COYL"	"YNG"	"E"	41	3.24	0.043	1.174	13	0.15	0.122782656	23.83207378	1.145031997	3.4	22	74.6	3.68	1	NA	0.049236375871	1.344267564478	"14_E"	1.145031997	0.049236375871	1.344267564478
78	14	"COYL"	78	14	"COYL"	"YNG"	"Bhs"	42	4.18	0.068	2.046	60	0.35	0.298362869	20.65009775	1.099090765	2.6	12.3	85.1	20.5	47	NA	3.51269408494	105.69076614393	"14_Bhs"	1.099090765	3.51269408494	105.69076614393
48	15	"BADA"	48	15	"BADA"	"V.OLD"	"Oh_UPP"	NA	3.38	1.368	49.633	4	0	0	614.0765105	0.05507451	NA	NA	NA	NA	4	NA	0.30136771872	10.93405261932	"15_Oh_UPP"	0.119183291555187	0.652170971389983	23.6616972390344
49	15	"BADA"	49	15	"BADA"	"V.OLD"	"Oh_LOW"	NA	2.81	1.485	48.842	31.2	0	0	630.1054992	0.075615686	NA	NA	NA	NA	27.2	NA	3.054268788912	100.455620328646	"15_Oh_LOW"	0.142996278406253	5.77590567738537	189.970899053775
50	15	"BADA"	50	15	"BADA"	"V.OLD"	"Ah"	NA	3.82	0.467	14.999	32.2	0	0.079154863	63.91897691	0.51583011	9.05	22.15	68.8	23.4	1	NA	0.24089266137	7.73693581989	"15_Ah"	0.51583011	0.24089266137	7.73693581989
51	15	"BADA"	51	15	"BADA"	"V.OLD"	"E"	55	4.18	0.038	0.404	36.2	0.1	0.085274181	25.0353902	1.082198679	1.6	24.9	73.5	1.95	4	NA	0.164494199208	1.748833065264	"15_E"	1.082198679	0.164494199208	1.748833065264
52	15	"BADA"	52	15	"BADA"	"V.OLD"	"Bhs"	56	4.31	0.042	0.671	61	0.3	0.051470475	33.52941188	0.898847491	1.8	29.8	68.4	3.91	25.2	NA	0.9513401844744	15.1987919948172	"15_Bhs"	0.898847491	0.9513401844744	15.1987919948172
36	16	"BADA"	36	16	"BADA"	"OLD"	"Oh_UPP"	NA	3.28	1.316	50.541	4	0	0	452.7133021	0.07907451	NA	NA	NA	NA	4	NA	0.41624822064	15.98601923964	"16_Oh_UPP"	0.110246098442938	0.580335462203626	22.2877922456181
37	16	"BADA"	37	16	"BADA"	"OLD"	"Oh_LOW"	NA	2.67	1.285	52.104	10	0	0	391.3569346	0.130364706	NA	NA	NA	NA	8	NA	1.34014917768	54.340181131392	"16_Oh_LOW"	0.149012333466629	1.53184678803695	62.1131089835619
38	16	"BADA"	38	16	"BADA"	"OLD"	"Ah"	NA	2.69	0.508	28.142	10.5	0.05	0.079154863	63.91897691	0.51583011	11.8	30.8	57.4	30.7	0.5	NA	0.13102084794	7.25824547781	"16_Ah"	0.51583011	0.13102084794	7.25824547781
39	16	"BADA"	39	16	"BADA"	"OLD"	"E"	53	3.15	0.043	1.058	12.5	0.2	0.112350324	23.57446895	1.008773244	2.4	19.1	78.5	5.47	2	NA	0.086754498984	2.134564184304	"16_E"	1.008773244	0.086754498984	2.134564184304
40	16	"BADA"	40	16	"BADA"	"OLD"	"Bhs"	54	4.43	0.043	0.411	90	0.25	0.213107119	20.01754795	0.814966428	1.7	19.5	78.8	8.56	77.5	NA	2.71587562131	25.95871814787	"16_Bhs"	0.814966428	2.71587562131	25.95871814787
13	17	"BADA"	13	17	"BADA"	"V.OLD"	"Oh_UPP"	NA	2.65	1.032	47.565	4	0	0	555.1986987	0.070192157	NA	NA	NA	NA	4	NA	0.289753224096	13.35475979082	"17_Oh_UPP"	0.122282896298144	0.504783795918738	23.2655438496849
14	17	"BADA"	14	17	"BADA"	"V.OLD"	"Oh_LOW"	NA	2.72	1.35	50.1	29.5	0	0	432.5393703	0.107298039	NA	NA	NA	NA	25.5	NA	3.693734992575	137.07860972445	"17_Oh_LOW"	0.134351757613015	4.62505925582804	171.641087938507
15	17	"BADA"	15	17	"BADA"	"V.OLD"	"Ah"	50	2.73	0.21	8.466	31.5	0	0.079154863	63.91897691	0.51583011	6.3	13.5	80.2	16.1	2	NA	0.2166486462	8.73403542252	"17_Ah"	0.51583011	0.2166486462	8.73403542252
16	17	"BADA"	16	17	"BADA"	"V.OLD"	"E"	51	3.45	0.049	0.66	32.5	0.2	0.130311999	26.29282597	1.016387855	2.3	20.9	76.8	3.14	1	NA	0.049803004895	0.6708159843	"17_E"	1.016387855	0.049803004895	0.6708159843
17	17	"BADA"	17	17	"BADA"	"V.OLD"	"Bhs"	52	4.36	0.057	0.953	54	0.35	0.157471084	19.15450757	1.464214572	2.3	25	72.7	36.1	21.5	NA	1.794394957986	30.001024472994	"17_Bhs"	1.464214572	1.794394957986	30.001024472994
42	18	"RYV"	42	18	"RYV"	"V.OLD"	"Oh_UPP"	NA	3.13	0.801	52.07	5	0	0	379.7000305	0.107796079	NA	NA	NA	NA	5	NA	0.431723296395	28.06470916765	"18_Oh_UPP"	0.124064318344395	0.496877594969302	32.3001452809632
43	18	"RYV"	43	18	"RYV"	"V.OLD"	"Oh_LOW"	NA	2.55	1.185	55.086	33.5	0	0	298.7494863	0.170745098	NA	NA	NA	NA	28.5	NA	5.766488822205	268.061437350198	"18_Oh_LOW"	0.170489845197116	5.7578682969196	267.660702957057
44	18	"RYV"	44	18	"RYV"	"V.OLD"	"Ah"	NA	3.25	0.32	19.717	34	0	0.079154863	63.91897691	0.51583011	17.9	33.2	48.9	40.2	0.5	NA	0.0825328176	5.085311139435	"18_Ah"	0.51583011	0.0825328176	5.085311139435
45	18	"RYV"	45	18	"RYV"	"V.OLD"	"E"	57	3.42	0.074	2.244	41	0.15	0.14582226	37.70271264	0.793768618	3.5	12.9	83.6	8.04	7	NA	0.411172144124	12.468517451544	"18_E"	0.793768618	0.411172144124	12.468517451544
46	18	"RYV"	46	18	"RYV"	"V.OLD"	"Bhs"	58	3.98	0.067	1.599	49	0.7	0.18964543	19.68892342	0.957549343	2.9	13.3	83.8	15.3	8	NA	0.513246447848	12.248971195656	"18_Bhs"	0.957549343	0.513246447848	12.248971195656
1	19	"RYV"	1	19	"RYV"	"OLD"	"Oh_UPP"	NA	2.82	1.187	40.777	5	0	0	336.9366737	0.073819608	NA	NA	NA	NA	5	NA	0.43811937348	15.05071077708	"19_Oh_UPP"	0.0813590611792231	0.482866028098689	16.5878921885259
2	19	"RYV"	2	19	"RYV"	"OLD"	"Oh_LOW"	NA	2.6	1.714	46.08	18.2	0	0	321.4857556	0.13432549	NA	NA	NA	NA	12.2	NA	2.808853456292	75.51456666624	"19_Oh_LOW"	0.138711127149737	2.90056063760272	77.9800666165305
3	19	"RYV"	3	19	"RYV"	"OLD"	"Ah"	NA	2.52	0.384	18.146	20.5	0	0.079154863	63.91897691	0.51583011	6.3	13.5	80.2	16.1	2.3	NA	0.455581153152	21.528582304938	"19_Ah"	0.51583011	0.455581153152	21.528582304938
4	19	"RYV"	4	19	"RYV"	"OLD"	"E"	59	3.28	0.073	0.916	35.5	0.1	0.147407385	14.53461289	1.096239385	3.5	12.9	83.6	8.04	5	NA	0.400127375525	5.0207763833	"19_E"	1.096239385	0.400127375525	5.0207763833
5	19	"RYV"	5	19	"RYV"	"OLD"	"Bhs"	60	3.93	0.077	2.419	55	0.5	0.056815663	25.05333876	1.083056041	2.9	13.3	83.8	15.3	19.5	NA	1.6262086455615	51.0882949819905	"19_Bhs"	1.083056041	1.6262086455615	51.0882949819905
7	20	"RYV"	7	20	"RYV"	"OLD"	"Oh_UPP"	NA	2.65	1.462	49.559	4	0	0	431.9788977	0.090580392	NA	NA	NA	NA	4	NA	0.529714132416	17.956294588512	"20_Oh_UPP"	0.117519707866296	0.687255251602099	23.2966368085831
8	20	"RYV"	8	20	"RYV"	"OLD"	"Oh_LOW"	NA	2.52	0.682	50.76	14	0	0	345.4051519	0.143105882	NA	NA	NA	NA	10	NA	0.97598211524	72.6405457032	"20_Oh_LOW"	0.152373907042698	1.0391900460312	77.3449952148735
9	20	"RYV"	9	20	"RYV"	"OLD"	"Ah"	61	2.57	0.71	37.712	15	0	0.079154863	63.91897691	0.51583011	28.3	26.1	45.6	59.8	1	NA	0.3662393781	19.45298510832	"20_Ah"	0.51583011	0.3662393781	19.45298510832
10	20	"RYV"	10	20	"RYV"	"OLD"	"E"	62	3.55	0.064	0.897	19	0.05	0.056281144	20.86591334	1.137888991	2.2	15.7	82.1	3.86	4	NA	0.291299581696	4.082745699708	"20_E"	1.137888991	0.291299581696	4.082745699708
11	20	"RYV"	11	20	"RYV"	"OLD"	"Bhs"	63	3.87	0.065	1.345	59	0.1	0.023896677	37.91073256	0.929114547	4.2	17.1	78.7	18.8	40	NA	2.4156978222	49.9863626286	"20_Bhs"	0.929114547	2.4156978222	49.9863626286
NA	16	"BADA"	NA	16	"BADA"	"OLD"	"Litter"	NA	NA	NA	NA	NA	NA	NA	NA	NA	NA	NA	NA	NA	NA	NA	0.00992256	1.0770112	"16_Litter"	NA	0.00992256	1.0770112
NA	15	"BADA"	NA	15	"BADA"	"V.OLD"	"Litter"	NA	NA	NA	NA	NA	NA	NA	NA	NA	NA	NA	NA	NA	NA	NA	0.03727296	3.62376	"15_Litter"	NA	0.03727296	3.62376
NA	17	"BADA"	NA	17	"BADA"	"V.OLD"	"Litter"	NA	NA	NA	NA	NA	NA	NA	NA	NA	NA	NA	NA	NA	NA	NA	0.0179328	2.32857408	"17_Litter"	NA	0.0179328	2.32857408
NA	11	"COYL"	NA	11	"COYL"	"YNG"	"Litter"	NA	NA	NA	NA	NA	NA	NA	NA	NA	NA	NA	NA	NA	NA	NA	0.00536384	0.47516224	"11_Litter"	NA	0.00536384	0.47516224
NA	14	"COYL"	NA	14	"COYL"	"YNG"	"Litter"	NA	NA	NA	NA	NA	NA	NA	NA	NA	NA	NA	NA	NA	NA	NA	0.0020992	0.1378816	"14_Litter"	NA	0.0020992	0.1378816
NA	9	"DRUM"	NA	9	"DRUM"	"YNG"	"Litter"	NA	NA	NA	NA	NA	NA	NA	NA	NA	NA	NA	NA	NA	NA	NA	0.0016	0.16352	"9_Litter"	NA	0.0016	0.16352
NA	10	"DRUM"	NA	10	"DRUM"	"YNG"	"Litter"	NA	NA	NA	NA	NA	NA	NA	NA	NA	NA	NA	NA	NA	NA	NA	0.002465	0.298845	"10_Litter"	NA	0.002465	0.298845
NA	12	"L.EIL"	NA	12	"L.EIL"	"YNG"	"Litter"	NA	NA	NA	NA	NA	NA	NA	NA	NA	NA	NA	NA	NA	NA	NA	0.032336	3.2594688	"12_Litter"	NA	0.032336	3.2594688
NA	13	"L.EIL"	NA	13	"L.EIL"	"YNG"	"Litter"	NA	NA	NA	NA	NA	NA	NA	NA	NA	NA	NA	NA	NA	NA	NA	0.02576448	3.15185472	"13_Litter"	NA	0.02576448	3.15185472
NA	5	"MOR"	NA	4	"MOR"	"GRASS"	"Litter"	NA	NA	NA	NA	NA	NA	NA	NA	NA	NA	NA	NA	NA	NA	NA	0.0532704	1.2618784	"4_Litter"	NA	0.0532704	1.2618784
NA	6	"MOR"	NA	5	"MOR"	"OLD"	"Litter"	NA	NA	NA	NA	NA	NA	NA	NA	NA	NA	NA	NA	NA	NA	NA	0.02094848	1.9863648	"5_Litter"	NA	0.02094848	1.9863648
NA	19	"RYV"	NA	6	"MOR"	"V.OLD"	"Litter"	NA	NA	NA	NA	NA	NA	NA	NA	NA	NA	NA	NA	NA	NA	NA	0.04962816	5.3453664	"6_Litter"	NA	0.04962816	5.3453664
NA	20	"RYV"	NA	19	"RYV"	"OLD"	"Litter"	NA	NA	NA	NA	NA	NA	NA	NA	NA	NA	NA	NA	NA	NA	NA	0.01189888	0.95785984	"19_Litter"	NA	0.01189888	0.95785984
NA	18	"RYV"	NA	20	"RYV"	"OLD"	"Litter"	NA	NA	NA	NA	NA	NA	NA	NA	NA	NA	NA	NA	NA	NA	NA	0.01716352	2.03543744	"20_Litter"	NA	0.01716352	2.03543744
NA	3	"TULL"	NA	18	"RYV"	"V.OLD"	"Litter"	NA	NA	NA	NA	NA	NA	NA	NA	NA	NA	NA	NA	NA	NA	NA	0.01301248	1.2862336	"18_Litter"	NA	0.01301248	1.2862336
NA	2	"TULL"	NA	3	"TULL"	"OLD"	"Litter"	NA	NA	NA	NA	NA	NA	NA	NA	NA	NA	NA	NA	NA	NA	NA	0.02656	3.39304	"3_Litter"	NA	0.02656	3.39304
NA	NA	NA	NA	NA	NA	NA	NA	NA	NA	NA	NA	NA	NA	NA	NA	NA	NA	NA	NA	NA	NA	NA	NA	NA	NA	NA	NA	NA
