Nr 	Pit	Name	Age	Horizon	BD_nr	Dish_weight	Wet_soil_dish	Wet_soil_weight	Dry_soil _dish	Dry_soil	Stones_weight	Volume	Stones_density	Stones volume	g/cm_soil_density	g/cm_Bulk_Density	Moisture
7	20	RYV	OLD	Bhs	BD1	8.3	154.87	146.57	116.16	107.86	4.08	100	2.170176212	1.880031666	1.0378	1.057684809	35.88911552
8	20	RYV	OLD	Bhs	BD2	8.31	121.96	113.65	82.11	73.8	4.47	100	2.170176212	2.059740575	0.6933	0.707880502	53.99728997
9	20	RYV	OLD	Bhs	BD3	8.69	131.81	123.12	105.78	97.09	3.7	100	2.170176212	1.704930678	0.9339	0.950098521	26.81017613
10	20	RYV	OLD	Bhs	BD4	8.68	148.83	140.15	112.1	103.42	8.78	100	2.170176212	4.045754419	0.9464	0.986303414	35.5153742
11	20	RYV	OLD	Bhs	BD5	8.75	142.15	133.4	105.88	97.13	4.9	100	2.170176212	2.257881168	0.9223	0.943605491	37.34170699
12	20	RYV	OLD	E	BD1	8.78	140.35	131.57	119.83	111.05	26.9	100	2.170176212	12.39530682	0.8415	0.960564976	18.47816299
13	20	RYV	OLD	E	BD2	8.79	155.8	147.01	129.52	120.73	4.34	100	2.170176212	1.999837606	1.1639	1.187651093	21.76758055
14	20	RYV	OLD	E	BD3	8.77	167.47	158.7	139.22	130.45	11.68	100	2.170176212	5.382051437	1.1877	1.255258667	21.65580682
15	20	RYV	OLD	E	BD4	8.74	144.8	136.06	121.77	113.03	1.42	100	2.170176212	0.654324747	1.1161	1.123451018	20.37512165
16	20	RYV	OLD	E	BD5	8.78	160.15	151.37	132.8	124.02	16.73	100	2.170176212	7.709051416	1.0729	1.162519203	22.05289469
23	19	RYV	OLD	E	BD1	8.74	152.15	143.41	134.99	126.25	15.6	100	2.170176212	7.188356371	1.1065	1.192199552	13.59207921
24	19	RYV	OLD	E	BD2	8.78	148.46	139.68	131.47	122.69	20.84	100	2.170176212	9.602906844	1.0185	1.126695521	13.84790937
25	19	RYV	OLD	E	BD3	8.8	171.73	162.93	155.21	146.41	83.81	100	2.170176212	38.61898381	0.626	1.019859297	11.28338228
26	19	RYV	OLD	E	BD4	8.84	139.35	130.51	123.33	114.49	34.65	100	2.170176212	15.9664454	0.7984	0.950096665	13.99248843
27	19	RYV	OLD	E	BD5	8.83	154.59	145.76	130.34	121.51	5.05	100	2.170176212	2.326999979	1.1646	1.192345889	19.95720517
28	19	RYV	OLD	Bhs	BD1	8.76	176.89	168.13	157.8	149.04	60.37	100	2.170176212	27.81801757	0.8867	1.228422897	12.80864198
29	19	RYV	OLD	Bhs	BD2	8.84	146.72	137.88	128.97	120.13	0.45	100	2.170176212	0.207356434	1.1968	1.199286798	14.7756597
30	19	RYV	OLD	Bhs	BD3	8.87	131.82	122.95	102.7	93.83	0.83	100	2.170176212	0.382457422	0.93	0.93357051	31.03485026
31	19	RYV	OLD	Bhs	BD4	8.85	139.16	130.31	118.21	109.36	0	100	2.170176212	0	1.0936	1.0936	19.15691295
32	19	RYV	OLD	Bhs	BD5	8.77	150.42	141.65	104.81	96.04	0	100	2.170176212	0	0.9604	0.9604	47.4906289
75	15	BADA 	V.OLD	E	BD1	8.39	160.51	152.12	125.46	117.07	10.84	100	2.170176212	4.994986094	1.0623	1.118151513	29.93935252
76	15	BADA 	V.OLD	E	BD2	8.97	154.19	145.22	128.08	119.11	27.12	100	2.170176212	12.49668108	0.9199	1.05127441	21.92091344
77	15	BADA 	V.OLD	E	BD3	9	136.7	127.7	109.94	100.94	9.93	100	2.170176212	4.575665305	0.9101	0.953739948	26.51079849
78	15	BADA 	V.OLD	E	BD4	8.94	151.58	142.64	124.43	115.49	21.76	100	2.170176212	10.02683555	0.9373	1.041755067	23.50852888
79	15	BADA 	V.OLD	E	BD5	8.85	174.5	165.65	143.2	134.35	22.88	100	2.170176212	10.54292268	1.1147	1.246072455	23.29735765
80	15	BADA 	V.OLD	Bhs	BD1	8.81	145.49	136.68	111.64	102.83	19.6	100	2.170176212	9.031524671	0.8323	0.91493234	32.91840902
81	15	BADA 	V.OLD	Bhs	BD2	8.9	143.46	134.56	113.67	104.77	16.73	100	2.170176212	7.709051416	0.8804	0.953939702	28.43371194
82	15	BADA 	V.OLD	Bhs	BD3	8.93	145.09	136.16	111	102.07	2.1	100	2.170176212	0.967663358	0.9997	1.009468254	33.39864799
83	15	BADA 	V.OLD	Bhs	BD4	8.94	131.04	122.1	96.31	87.37	4.22	100	2.170176212	1.944542557	0.8315	0.847989517	39.75048644
84	15	BADA 	V.OLD	Bhs	BD5	8.39	121.99	113.6	93.71	85.32	13.2	100	2.170176212	6.082455391	0.7212	0.76790764	33.14580403
94	14	COYL	YNG	E	BD1	8.87	150.26	141.39	122.68	113.81	3.47	100	2.170176212	1.5989485	1.1034	1.121329481	24.23337141
95	14	COYL	YNG	E	BD2	8.88	171.28	162.4	138.69	129.81	8.17	100	2.170176212	3.764671253	1.2164	1.263984875	25.10592404
96	14	COYL	YNG	E	BD3	8.9	165.27	156.37	132.22	123.32	21.33	100	2.170176212	9.828694961	1.0199	1.131069357	26.80019462
97	14	COYL	YNG	E	BD4	8.88	167.88	159	138.24	129.36	48.03	100	2.170176212	22.13184336	0.8133	1.044457754	22.91280148
98	14	COYL	YNG	E	BD5	8.74	177.66	168.92	149.38	140.64	52.23	100	2.170176212	24.06717008	0.8841	1.164318518	20.10807736
99	14	COYL	YNG	Bhs	BD1	8.8	163.94	155.14	127.98	119.18	56.13	100	2.170176212	25.86425917	0.6305	0.850466985	30.17284779
100	14	COYL	YNG	Bhs	BD2	8.83	184.81	175.98	168.18	159.35	76.13	100	2.170176212	35.08010067	0.8322	1.281887385	10.43614685
101	14	COYL	YNG	Bhs	BD3	8.59	184.86	176.27	169.76	161.17	78.72	100	2.170176212	36.27355215	0.8245	1.293811326	9.368989266
102	14	COYL	YNG	Bhs	BD4	8.81	171.22	162.41	122.23	113.42	36.16	100	2.170176212	16.66224143	0.7726	0.92707077	43.19344031
103	14	COYL	YNG	Bhs	BD5	8.76	174.44	165.68	159.27	150.51	76.61	100	2.170176212	35.30128087	0.739	1.142217358	10.07906451
250	12	L.EIL	YNG	Bhs	BD1	8.74	121.12	112.38	85	76.26	24.32	100	2.170176212	11.20646327	0.5194	0.584952485	47.36428009
251	12	L.EIL	YNG	Bhs	BD2	8.83	98.09	89.26	77.95	69.12	31.21	100	2.170176212	14.38132066	0.3791	0.44277721	29.13773148
252	12	L.EIL	YNG	Bhs	BD3	8.83	116.04	107.21	84.69	75.86	22.2	100	2.170176212	10.22958407	0.5366	0.597747035	41.32612708
253	12	L.EIL	YNG	Bhs	BD4	8.84	127.81	118.97	96.41	87.57	25.6	100	2.170176212	11.79627712	0.6197	0.702578054	35.85702866
254	12	L.EIL	YNG	Bhs	BD5	8.44	110.14	101.7	82.28	73.84	20.22	100	2.170176212	9.317215757	0.5362	0.591291946	37.73022752
255	12	L.EIL	YNG	E	BD1	8.45	175.84	167.39	150.5	142.05	41.19	100	2.170176212	18.98002557	1.0086	1.244878201	17.83878916
256	12	L.EIL	YNG	E	BD2	8.76	156.05	147.29	129.04	120.28	40.52	100	2.170176212	18.67129488	0.7976	0.980711544	22.45593615
257	12	L.EIL	YNG	E	BD3	8.85	140.75	131.9	116	107.15	33.76	100	2.170176212	15.55634045	0.7339	0.869100183	23.0984601
258	12	L.EIL	YNG	E	BD4	0.32	171.36	171.04	145.71	145.39	33.18	100	2.170176212	15.28908105	1.1221	1.324622627	17.64220373
259	12	L.EIL	YNG	E	BD5	8.82	135.99	127.17	116.21	107.39	26.38	100	2.170176212	12.15569494	0.8101	0.922199794	18.41884719
260	9	DRUM 	YNG	Bhs	BD1	8.8	135.08	126.28	101.82	93.02	25.16	100	2.170176212	11.59352861	0.6786	0.767590867	35.75575145
261	9	DRUM 	YNG	Bhs	BD2	8.76	193.3	184.54	171.39	162.63	133.53	100	2.170176212	61.52956578	0.291	0.756425047	13.47229908
262	9	DRUM 	YNG	Bhs	BD3	8.32	157.74	149.42	130.04	121.72	64.05	100	2.170176212	29.51373241	0.5767	0.818173553	22.75714755
263	9	DRUM 	YNG	Bhs	BD4	8.32	115.12	106.8	92.56	84.24	13.28	100	2.170176212	6.119318757	0.7096	0.755853058	26.78062678
264	9	DRUM 	YNG	Bhs	BD5	8.66	130.32	121.66	104.24	95.58	30.8	100	2.170176212	14.19239591	0.6478	0.754944747	27.28604311
265	16	BADA	OLD	Bhs	BD1	8.75	139.18	130.43	110.16	101.41	20.78	100	2.170176212	9.575259319	0.8063	0.891680743	28.61650725
266	16	BADA	OLD	Bhs	BD2	8.63	136.72	128.09	113.99	105.36	42.73	100	2.170176212	19.68964537	0.6263	0.779849626	21.57365224
267	16	BADA	OLD	Bhs	BD3	8.69	121.81	113.12	100.66	91.97	32.84	100	2.170176212	15.13241174	0.5913	0.696732418	22.99662934
268	16	BADA	OLD	Bhs	BD4	8.3	135.62	127.32	119.3	111	59.05	100	2.170176212	27.20977203	0.5195	0.713694701	14.7027027
269	16	BADA	OLD	Bhs	BD5	8.76	166.32	157.56	149.19	140.43	75.84	100	2.170176212	34.94647097	0.6459	0.992874652	12.19824824
270	16	BADA	OLD	E	BD1	8.36	134.72	126.36	109.6	101.24	18.32	100	2.170176212	8.441710815	0.8292	0.905652571	24.81232714
271	16	BADA	OLD	E	BD2	8.74	155	146.26	124.39	115.65	16.95	100	2.170176212	7.810425672	0.987	1.070619978	26.46779075
272	16	BADA	OLD	E	BD3	8.74	141.87	133.13	114.76	106.02	27.79	100	2.170176212	12.80541177	0.7823	0.897188708	25.57064705
273	16	BADA	OLD	E	BD4	8.34	160.23	151.89	137.46	129.12	36.65	100	2.170176212	16.88802955	0.9247	1.112595448	17.63475836
274	16	BADA	OLD	E	BD5	8.72	153.28	144.56	125.88	117.16	22.2	100	2.170176212	10.22958407	0.9496	1.057809513	23.38682144
275	13	L.EIL	YNG	Bhs	BD1	8.91	112.98	104.07	95.66	86.75	26.55	100	2.170176212	12.23402959	0.602	0.68591505	19.96541787
276	13	L.EIL	YNG	Bhs	BD2	8.69	158.22	149.53	126.53	117.84	41.43	100	2.170176212	19.09061567	0.7641	0.944389834	26.89239647
277	13	L.EIL	YNG	Bhs	BD3	8.65	170.42	161.77	152.92	144.27	59.35	100	2.170176212	27.34800965	0.8492	1.168859925	12.13003396
278	13	L.EIL	YNG	Bhs	BD4	8.57	136.77	128.2	109.55	100.98	21.16	100	2.170176212	9.750360308	0.7982	0.884435664	26.95583284
279	13	L.EIL	YNG	Bhs	BD5	8.9	154.33	145.43	141.34	132.44	87.41	100	2.170176212	40.27783528	0.4503	0.753991424	9.808215041
280	13	L.EIL	YNG	E	BD1	8.49	155.39	146.9	125.29	116.8	16.91	100	2.170176212	7.791993989	0.9989	1.083311573	25.77054795
281	13	L.EIL	YNG	E	BD2	8.57	139.33	130.76	115.38	106.81	16.84	100	2.170176212	7.759738544	0.8997	0.975387521	22.4229941
282	13	L.EIL	YNG	E	BD3	8.7	144.09	135.39	126.82	118.12	74.47	100	2.170176212	34.31518583	0.4365	0.664537162	14.62072469
283	13	L.EIL	YNG	E	BD4	8.78	132.07	123.29	117.36	108.58	44.04	100	2.170176212	20.29328299	0.6454	0.809718458	13.54761466
284	13	L.EIL	YNG	E	BD5	9.01	134.5	125.49	115.84	106.83	44.93	100	2.170176212	20.70338793	0.619	0.780613426	17.46700365
285	17	BADA 	V.OLD	Bhs	BD1	8.99	174.99	166	148.24	139.25	30.93	100	2.170176212	14.25229888	1.0832	1.263240863	19.21005386
286	17	BADA 	V.OLD	Bhs	BD2	8.89	206.99	198.1	179.01	170.12	35.91	100	2.170176212	16.54704341	1.3421	1.608211446	16.44721373
287	17	BADA 	V.OLD	Bhs	BD3	8.83	177.1	168.27	148.42	139.59	26.71	100	2.170176212	12.30775632	1.1288	1.28722901	20.54588438
288	17	BADA 	V.OLD	Bhs	BD4	8.84	227.33	218.49	189.17	180.33	34.83	100	2.170176212	16.04938797	1.455	1.733161873	21.16120446
289	17	BADA 	V.OLD	Bhs	BD5	8.8	195.21	186.41	166.23	157.43	42.49	100	2.170176212	19.57905527	1.1494	1.429229666	18.40818141
290	17	BADA 	V.OLD	E	BD1	8.88	119.05	110.17	87.6	78.72	16.47	100	2.170176212	7.589245476	0.6225	0.673622895	39.95172764
291	17	BADA 	V.OLD	E	BD2	8.83	156.8	147.97	126.4	117.57	26.65	100	2.170176212	12.2801088	0.9092	1.036480994	25.85693629
292	17	BADA 	V.OLD	E	BD3	8.84	175.31	166.47	145.54	136.7	28.65	100	2.170176212	13.20169295	1.0805	1.244839948	21.77761522
293	17	BADA 	V.OLD	E	BD4	8.99	143.21	134.22	120.36	111.37	33.3	100	2.170176212	15.3443761	0.7807	0.922206894	20.51719494
294	17	BADA 	V.OLD	E	BD5	8.84	177.4	168.56	145.48	136.64	36.33	100	2.170176212	16.74057609	1.0031	1.204788543	23.36065574
295	18	RYV	V.OLD	E	BD1	8.84	137.75	128.91	102.99	94.15	27.1	100	2.170176212	12.48746523	0.6705	0.766175956	36.91980882
296	18	RYV	V.OLD	E	BD2	8.92	149.56	140.64	110.68	101.76	21.25	100	2.170176212	9.791831595	0.8051	0.892491239	38.20754717
297	18	RYV	V.OLD	E	BD3	8.91	133.95	125.04	97.22	88.31	20.6	100	2.170176212	9.492316746	0.6771	0.748113282	41.59211867
298	18	RYV	V.OLD	E	BD4	8.79	160.53	151.74	116.09	107.3	33.35	100	2.170176212	15.3674157	0.7395	0.873776934	41.416589
299	18	RYV	V.OLD	E	BD5	8.9	148.43	139.53	115.92	107.02	55.93	100	2.170176212	25.77210076	0.5109	0.688285679	30.37749953
300	13	L.EIL	YNG	E	BD6	8.77	92.03	83.26	80.91	72.14	29.7	100	2.170176212	13.68552463	0.4244	0.491690413	15.41447186
355	9	DRUM 	YNG	E	BD1	8.99	155.57	146.58	123.63	114.64	35.87	100	2.170176212	16.52861173	0.7877	0.943676649	27.8611305
356	9	DRUM 	YNG	E	BD2	8.92	157.39	148.47	133.42	124.5	67.76	100	2.170176212	31.22327101	0.5674	0.824988348	19.25301205
357	9	DRUM 	YNG	E	BD3	8.9	166.04	157.14	143.46	134.56	80.66	100	2.170176212	37.16748877	0.539	0.857836158	16.78061831
358	9	DRUM 	YNG	E	BD4	8.87	169.15	160.28	145.03	136.16	99.34	100	2.170176212	45.77508474	0.3682	0.679023652	17.71445358
359	9	DRUM 	YNG	E	BD5	8.87	126.66	117.79	109.9	101.03	73.51	100	2.170176212	33.87282544	0.2752	0.416167789	16.58913194
360	10	DRUM 	YNG	Bhs	BD1	8.79	158.81	150.02	116.38	107.59	52.81	100	2.170176212	24.33442948	0.5478	0.723975246	39.43675063
361	10	DRUM 	YNG	Bhs	BD2	8.83	153.07	144.24	120	111.17	64.07	100	2.170176212	29.52294825	0.471	0.668302644	29.74723397
362	10	DRUM 	YNG	Bhs	BD3	9	158.22	149.22	120.19	111.19	55.59	100	2.170176212	25.61543145	0.556	0.747466862	34.20271607
363	10	DRUM 	YNG	Bhs	BD4	8.65	165.15	156.5	127.44	118.79	54.91	100	2.170176212	25.30209284	0.6388	0.855177908	31.74509639
364	10	DRUM 	YNG	Bhs	BD5	8.91	155.96	147.05	119.8	110.89	61.72	100	2.170176212	28.44008687	0.4917	0.687116541	32.60889169
365	5	MOR	OLD	Bhs	BD1	8.86	129.25	120.39	119.67	110.81	66.35	100	2.170176212	30.57355418	0.4446	0.640389976	8.645429113
366	5	MOR	OLD	Bhs	BD2	8.85	131.99	123.14	123.11	114.26	65.91	100	2.170176212	30.37080567	0.4835	0.694392639	7.771748643
367	5	MOR	OLD	Bhs	BD3	8.77	138.49	129.72	128.39	119.62	65.5	100	2.170176212	30.18188092	0.5412	0.775156947	8.443404113
368	5	MOR	OLD	Bhs	BD4	8.78	124.31	115.53	115.7	106.92	62.34	100	2.170176212	28.72577796	0.4458	0.625471576	8.052749719
369	5	MOR	OLD	Bhs	BD5	8.78	140.69	131.91	128.87	120.09	69.24	100	2.170176212	31.90524328	0.5085	0.746753531	9.842618036
388	1	TULL 	GRASS	Ah_UPP	BD1	8.45	126.6	118.15	94.49	86.04	14.13	100	2.170176212	6.51099202	0.7191	0.769181335	37.31985123
389	1	TULL 	GRASS	Ah_UPP	BD2	8.85	133.91	125.06	96.76	87.91	12.22	100	2.170176212	5.630879157	0.7569	0.80206321	42.25912865
390	1	TULL 	GRASS	Ah_UPP	BD3	8.44	154.43	145.99	114.9	106.46	12.07	100	2.170176212	5.561760346	0.9439	0.999489194	37.13131693
391	1	TULL 	GRASS	Ah_UPP	BD4	8.77	154.15	145.38	120.55	111.78	38.76	100	2.170176212	17.86030083	0.7302	0.888973307	30.05904455
392	1	TULL 	GRASS	B	BD1	8.32	119.31	110.99	100.55	92.23	24.43	100	2.170176212	11.25715039	0.678	0.764005216	20.34045321
393	1	TULL 	GRASS	B	BD2	8.86	147.37	138.51	129.03	120.17	47.3	100	2.170176212	21.79546515	0.7287	0.931787397	15.26171257
394	1	TULL 	GRASS	B	BD3	8.96	162.5	153.54	138.82	129.86	53.11	100	2.170176212	24.47266711	0.7675	1.016188406	18.23502233
395	1	TULL 	GRASS	B	BD4	8.76	104.87	96.11	87.8	79.04	16.45	100	2.170176212	7.580029635	0.6259	0.677234582	21.59665992
396	4	MOR	GRASS	Ah_UPP	BD1	8.76	135.74	126.98	92.77	84.01	22.47	100	2.170176212	10.35399793	0.6154	0.686477908	51.14867278
397	4	MOR	GRASS	Ah_UPP	BD2	8.72	142.72	134	106.71	97.99	49.11	100	2.170176212	22.62949881	0.4888	0.631765327	36.74864782
398	4	MOR	GRASS	Ah_UPP	BD3	8.34	121.98	113.64	93.61	85.27	37.25	100	2.170176212	17.1645048	0.4802	0.57970318	33.27078691
399	4	MOR	GRASS	Ah_UPP	BD4	8.75	127.85	119.1	93.15	84.4	24.6	100	2.170176212	11.33548505	0.598	0.674452457	41.11374408
400	4	MOR	GRASS	Ah_UPP	BD5	8.75	113.82	105.07	87.6	78.85	33.68	100	2.170176212	15.51947709	0.4517	0.534679456	33.25301205
401	4	MOR 	GRASS	B	BD1	8.73	202.76	194.03	171.51	162.78	105.08	100	2.170176212	48.42003125	0.577	1.118651317	19.19769013
402	4	MOR 	GRASS	B	BD2	8.74	83.26	74.52	68.31	59.57	42.36	100	2.170176212	19.5191523	0.1721	0.213839696	25.0965251
403	4	MOR 	GRASS	B	BD3	8.8	220.5	211.7	192.74	183.94	135.4	100	2.170176212	62.39124696	0.4854	1.29065699	15.09187779
404	4	MOR 	GRASS	B	BD4	8.71	190.84	182.13	158.57	149.86	84.52	100	2.170176212	38.94614618	0.6534	1.070202713	21.5334312
405	4	MOR 	GRASS	B	BD5	8.32	101.12	92.8	81.4	73.08	62.72	100	2.170176212	28.90087895	0.1036	0.145712069	26.98412698
407	10	DRUM 	YNG	Bhs	BD1	8.69	147.57	138.88	116.63	107.94	22.83	100	2.170176212	10.51988307	0.8511	0.951161028	28.66407263
408	10	DRUM 	YNG	Bhs	BD2	8.84	147.9	139.06	122.04	113.2	59.51	100	2.170176212	27.42173639	0.5369	0.739753162	22.84452297
409	10	DRUM 	YNG	Bhs	BD3	8.26	180.38	172.12	166.32	158.06	130.54	100	2.170176212	60.15179748	0.2752	0.690620863	8.895356194
410	10	DRUM 	YNG	Bhs	BD4	8.76	132.9	124.14	106.6	97.84	56.2	100	2.170176212	25.89651462	0.4164	0.561916889	26.88062142
411	10	DRUM 	YNG	Bhs	BD5	8.76	117.43	108.67	87.87	79.11	33.03	100	2.170176212	15.21996224	0.4608	0.543524174	37.36569334
439	8	DRUM 	V.OLD	Ah	BD1	8.74	119.87	111.13	76.23	67.49	18.71	100	2.170176212	8.621419724	0.4878	0.533823133	64.66143132
440	8	DRUM 	V.OLD	Ah	BD2	8.69	134.98	126.29	91.2	82.51	29.09	100	2.170176212	13.40444146	0.5342	0.616890761	53.06023512
441	8	DRUM 	V.OLD	Ah	BD3	8.3	111.87	103.57	75.9	67.6	29.18	100	2.170176212	13.44591275	0.3842	0.443884295	53.21005917
442	8	DRUM 	V.OLD	Ah	BD4	8.74	93.55	84.81	58.88	50.14	8.91	100	2.170176212	4.105657389	0.4123	0.429952371	69.14639011
443	8	DRUM 	V.OLD	Ah	BD5	8.44	108	99.56	63.9	55.46	0	100	2.170176212	0	0.5546	0.5546	79.51676884
444	8	DRUM 	V.OLD	B	BD1	8.86	133.88	125.02	122.05	113.19	82.23	100	2.170176212	37.89093233	0.3096	0.498477938	10.45145331
445	8	DRUM 	V.OLD	B	BD2	8.82	112.72	103.9	108.35	99.53	50.94	100	2.170176212	23.4727483	0.4859	0.634937214	4.390635989
446	8	DRUM 	V.OLD	B	BD3	8.77	133.51	124.74	112.73	103.96	26.61	100	2.170176212	12.26167712	0.7735	0.881598798	19.9884571
447	8	DRUM 	V.OLD	B	BD4	8.8	140.08	131.28	125.75	116.95	76.56	100	2.170176212	35.27824127	0.4039	0.624055971	12.25309962
448	8	DRUM 	V.OLD	B	BD5	8.63	122.48	113.85	107.62	98.99	49.49	100	2.170176212	22.80459979	0.495	0.641229916	15.01161734
449	2	TULL 	V.OLD	E	BD1	8.83	63.57	54.74	56.06	47.23	27.49	100	2.170176212	12.66717414	0.1974	0.226031848	15.90091044
450	2	TULL 	V.OLD	E	BD2	8.42	80.71	72.29	69.57	61.15	18.49	100	2.170176212	8.520045468	0.4266	0.46633167	18.21749796
451	2	TULL 	V.OLD	E	BD3	8.84	55.56	46.72	46.15	37.31	20.46	100	2.170176212	9.427805855	0.1685	0.186039437	25.22112034
452	2	TULL 	V.OLD	E	BD4	8.8	71.14	62.34	61.62	52.82	12.25	100	2.170176212	5.644702919	0.4057	0.429970561	18.02347596
453	2	TULL 	V.OLD 	E	BD5	8.4	120.5	112.1	107.57	99.17	24.9	100	2.170176212	11.47372267	0.7427	0.838959936	13.0382172
454	2	TULL 	V.OLD	Bhs	BD1	8.71	93.71	85	76.77	68.06	20.76	100	2.170176212	9.566043478	0.473	0.523033624	24.88980311
455	2	TULL 	V.OLD	Bhs	BD2	8.54	103.61	95.07	77.36	68.82	26.81	100	2.170176212	12.35383553	0.4201	0.479313616	38.14298169
456	2	TULL 	V.OLD	Bhs	BD3	8.39	95.43	87.04	79.01	70.62	24.56	100	2.170176212	11.31705336	0.4606	0.519378322	23.25120363
457	2	TULL 	V.OLD	Bhs	BD4	8.93	113.52	104.59	90.13	81.2	39.28	100	2.170176212	18.09991271	0.4192	0.511843166	28.80541872
458	2	TULL 	V.OLD	Bhs	BD5	8.81	110.28	101.47	93.35	84.54	36.12	100	2.170176212	16.64380975	0.4842	0.580880674	20.02602318
459	7	DRUM 	GRASS	Ah_UPP	BD1	8.74	114.39	105.65	81.28	72.54	34.92	100	2.170176212	16.09085926	0.3762	0.448342096	45.64378274
460	7	DRUM 	GRASS	Ah_UPP	BD2	8.66	141.3	132.64	95.73	87.07	15.34	100	2.170176212	7.068550431	0.7173	0.771859261	52.33719995
461	7	DRUM 	GRASS	Ah_UPP	BD3	8.82	131.2	122.38	72.6	63.78	0	100	2.170176212	0	0.6378	0.6378	91.87833177
462	7	DRUM 	GRASS	Ah_UPP	BD4	8.83	125.67	116.84	79.16	70.33	11.31	100	2.170176212	5.211558369	0.5902	0.622649755	66.13109626
463	7	DRUM 	GRASS	Ah_UPP	BD5	8.76	134.16	125.4	97.66	88.9	31.83	100	2.170176212	14.66701175	0.5707	0.668791767	41.05736783
464	7	DRUM 	GRASS	B	BD1	8.85	156.54	147.69	124.06	115.21	36.57	100	2.170176212	16.85116618	0.7864	0.945773938	28.19199722
465	7	DRUM 	GRASS	B	BD2	8.75	121.06	112.31	99.35	90.6	39.85	100	2.170176212	18.36256419	0.5075	0.621651078	23.96247241
466	7	DRUM 	GRASS	B	BD3	8.71	147.48	138.77	125.95	117.24	63.63	100	2.170176212	29.32019974	0.5361	0.758491108	18.36403958
467	7	DRUM 	GRASS	B	BD4	8.32	125.6	117.28	100.32	92	29.47	100	2.170176212	13.57954245	0.6253	0.72355553	27.47826087
468	7	DRUM 	GRASS	B	BD5	8.7	116.54	107.84	94.15	85.45	25.96	100	2.170176212	11.96216227	0.5949	0.67573218	26.20245758
469	6	MOR	V.OLD	Bhs	BD1	8.76	188.74	179.98	178.37	169.61	72.29	100	2.170176212	33.31065911	0.9732	1.459303671	6.114026296
470	6	MOR	V.OLD	Bhs	BD2	8.76	189.26	180.5	178.61	169.85	81.04	100	2.170176212	37.34258976	0.8881	1.417390212	6.270238446
471	6	MOR	V.OLD	Bhs	BD3	8.82	167.39	158.57	157.85	149.03	73.12	100	2.170176212	33.69311653	0.7591	1.14482835	6.401395692
472	6	MOR	V.OLD	Bhs	BD4	8.78	166.5	157.72	157.77	148.99	76.75	100	2.170176212	35.36579176	0.7224	1.117674401	5.859453655
473	6	MOR	V.OLD	Bhs	BD5	8.38	159.85	151.47	150.01	141.63	65.63	100	2.170176212	30.24178389	0.76	1.089477401	6.947680576
474	1	TULL 	GRASS	Ah_UPP	BD5	8.35	148.99	140.64	114.33	105.98	18.46	100	2.170176212	8.506221705	0.8752	0.956567776	32.70428383
475	1	TULL 	GRASS	B	BD5	8.88	121.6	112.72	109.21	100.33	44.11	100	2.170176212	20.32553843	0.5622	0.705621336	12.34924748
476	3	TULL 	OLD	Bhs	BD1	8.83	106.23	97.4	88.5	79.67	27.37	100	2.170176212	12.61187909	0.523	0.598479513	22.25429898
477	3	TULL 	OLD	Bhs	BD2	8.88	134.34	125.46	114.27	105.39	42.69	100	2.170176212	19.67121368	0.627	0.780542105	19.04355252
478	3	TULL 	OLD	Bhs	BD3	8.82	131.59	122.77	112.98	104.16	27.29	100	2.170176212	12.57501573	0.7687	0.879268102	17.86674347
479	3	TULL 	OLD	Bhs	BD4	8.81	106.65	97.84	79.69	70.88	18.35	100	2.170176212	8.455534577	0.5253	0.573819507	38.03611738
480	3	TULL 	OLD	Bhs	BD5	8.97	152.33	143.36	115.01	106.04	49.56	100	2.170176212	22.83685524	0.5648	0.731955653	35.19426631
481	3	TULL 	OLD	E	BD1	8.77	68.13	59.36	55.62	46.85	19.27	100	2.170176212	8.879463286	0.2758	0.302676005	26.7022412
482	3	TULL 	OLD	E	BD2	8.8	70.39	61.59	59.63	50.83	10.43	100	2.170176212	4.806061343	0.404	0.424396769	21.16860122
483	3	TULL 	OLD	E	BD3	8.78	112.71	103.93	85.36	76.58	21.36	100	2.170176212	9.842518723	0.5522	0.612483836	35.71428571
484	2	TULL 	V.OLD	Oh_UPP	BD1	8.38	292.13	283.75	67.11	58.73	0	500	2.170176212	0	0.11746	0.11746	383.1431977
485	2	TULL 	V.OLD	Oh_UPP	BD2	8.84	298.85	290.01	74.02	65.18	0	500	2.170176212	0	0.13036	0.13036	344.9370973
486	2	TULL 	V.OLD	Oh_UPP	BD3	8.81	257.24	248.43	55.51	46.7	0	500	2.170176212	0	0.0934	0.0934	431.9700214
487	2	TULL 	V.OLD	Oh_LOW	BD1	8.74	331.14	322.4	76.69	67.95	0	500	2.170176212	0	0.1359	0.1359	374.4665195
488	3	TULL 	OLD	Oh_UPP 	BD1	8.8	346.38	337.58	69.56	60.76	0	500	2.170176212	0	0.12152	0.12152	455.5957867
489	3	TULL 	OLD	Oh_UPP	BD1	8.78	252.54	243.76	53.08	44.3	0	500	2.170176212	0	0.0886	0.0886	450.248307
490	3	TULL 	OLD	Oh_UPP 	BD2	8.79	255.15	246.36	55.89	47.1	0	500	2.170176212	0	0.0942	0.0942	423.0573248
491	3	TULL 	OLD	Oh_UPP	BD2	8.83	327.13	318.3	69.66	60.83	0	500	2.170176212	0	0.12166	0.12166	423.2615486
NA	16	BADA	OLD	Oh_LOW	BD1	NA	NA	576.03	0	112.33	0	850	2.170176212	0	0.132152941	0.132152941	412.8015668
NA	5	MOR	OLD	Oh_LOW	BD1	NA	NA	513.99	0	141.89	0	850	2.170176212	0	0.166929412	0.166929412	262.2454014
NA	19	RYV	OLD	Oh_LOW	BD1	NA	NA	511.08	0	122.58	0	850	2.170176212	0	0.144211765	0.144211765	316.9358786
NA	20	RYV	OLD	Oh_LOW	BD1	NA	NA	512.3599999	0	110.35	0	850	2.170176212	0	0.129823529	0.129823529	364.3044856
NA	16	BADA	OLD	Oh_UPP	BD1	NA	NA	303.76	0	52.63	0	850	2.170176212	0	0.061917647	0.061917647	477.1613148
NA	5	MOR	OLD	Oh_UPP	BD1	NA	NA	435.66	0	125.07	0	850	2.170176212	0	0.147141176	0.147141176	248.3329336
NA	19	RYV	OLD	Oh_UPP	BD1	NA	NA	281.96	0	63.43	0	850	2.170176212	0	0.074623529	0.074623529	344.5215198
NA	20	RYV	OLD	Oh_UPP	BD1	NA	NA	423.81	0	80.18	0	850	2.170176212	0	0.094329412	0.094329412	428.5732103
NA	17	BADA	V.OLD	Oh_LOW	BD1	NA	NA	478.09	0	106.71	0	850	2.170176212	0	0.125541176	0.125541176	348.0273639
NA	15	BADA 	V.OLD	Oh_LOW	BD1	NA	NA	553.43	0	74.16	0	850	2.170176212	0	0.087247059	0.087247059	646.2648328
NA	6	MOR	V.OLD	Oh_LOW	BD1	NA	NA	450.36	0	121.72	0	850	2.170176212	0	0.1432	0.1432	269.9967138
NA	18	RYV	V.OLD	Oh_LOW	BD1	NA	NA	610.51	0	159.39	0	850	2.170176212	0	0.187517647	0.187517647	283.0290482
NA	17	BADA	V.OLD	Oh_UPP	BD1	NA	NA	406.54	0	59.53	0	850	2.170176212	0	0.070035294	0.070035294	582.9161767
NA	15	BADA 	V.OLD	Oh_UPP	BD1	NA	NA	346.03	0	48.32	0	850	2.170176212	0	0.056847059	0.056847059	616.1216887
NA	6	MOR	V.OLD	Oh_UPP	BD1	NA	NA	426.05	0	102.34	0	850	2.170176212	0	0.1204	0.1204	316.3083838
NA	18	RYV	V.OLD	Oh_UPP	BD1	NA	NA	403.4	0	84.63	0	850	2.170176212	0	0.099564706	0.099564706	376.6631218
NA	14	COYL	YNG	Oh_LOW	BD1	NA	NA	496.76	0	149.97	0	850	2.170176212	0	0.176435294	0.176435294	231.2395812
NA	10	DRUM 	YNG	Oh_LOW	BD1	NA	NA	566.83	0	168.01	0	850	2.170176212	0	0.197658824	0.197658824	237.3787275
NA	12	L.EIL	YNG	Oh_LOW	BD1	NA	NA	511.6	0	117.71	0	850	2.170176212	0	0.138482353	0.138482353	334.6274743
NA	13	L.EIL	YNG	Oh_LOW	BD1	NA	NA	514.12	0	98.61	0	850	2.170176212	0	0.116011765	0.116011765	421.3670013
NA	14	COYL	YNG	Oh_UPP	BD1	NA	NA	701.23	0	110.27	0	850	2.170176212	0	0.129729412	0.129729412	535.9209214
NA	9	DRUM 	YNG	Oh_UPP	BD1	NA	NA	561.15	0	94.58	0	850	2.170176212	0	0.111270588	0.111270588	493.3072531
NA	10	DRUM 	YNG	Oh_UPP	BD1	NA	NA	657.56	0	126.57	0	850	2.170176212	0	0.148905882	0.148905882	419.5227937
NA	12	L.EIL	YNG	Oh_UPP	BD1	NA	NA	528.78	0	102.7	0	850	2.170176212	0	0.120823529	0.120823529	414.8782863
NA	13	L.EIL	YNG	Oh_UPP	BD1	NA	NA	423.26	0	75.28	0	850	2.170176212	0	0.088564706	0.088564706	462.2476089
NA	16	BADA	OLD	Oh_LOW	BD2	NA	NA	464.56	0	88.93	0	850	2.170176212	0	0.104623529	0.104623529	422.3883954
NA	5	MOR	OLD	Oh_LOW	BD2	NA	NA	477.35	0	135.74	0	850	2.170176212	0	0.159694118	0.159694118	251.6649477
NA	19	RYV	OLD	Oh_LOW	BD2	NA	NA	492.7	0	113.75	0	850	2.170176212	0	0.133823529	0.133823529	333.1428571
NA	20	RYV	OLD	Oh_LOW	BD2	NA	NA	518.59	0	112.08	0	850	2.170176212	0	0.131858824	0.131858824	362.6962884
NA	16	BADA	OLD	Oh_UPP	BD2	NA	NA	417.53	0	75.97	0	850	2.170176212	0	0.089376471	0.089376471	449.5985257
NA	5	MOR	OLD	Oh_UPP	BD2	NA	NA	429.73	0	109.26	0	850	2.170176212	0	0.128541176	0.128541176	293.3095369
NA	19	RYV	OLD	Oh_UPP	BD2	NA	NA	278.45	0	61.35	0	850	2.170176212	0	0.072176471	0.072176471	353.8712306
NA	20	RYV	OLD	Oh_UPP	BD2	NA	NA	459.7099999	0	81.88	0	850	2.170176212	0	0.096329412	0.096329412	461.4435758
NA	17	BADA	V.OLD	Oh_LOW	BD2	NA	NA	514.52	0	98.56	0	850	2.170176212	0	0.115952941	0.115952941	422.0373377
NA	15	BADA 	V.OLD	Oh_LOW	BD2	NA	NA	485.42	0	67.39	0	850	2.170176212	0	0.079282353	0.079282353	620.3145867
NA	6	MOR	V.OLD	Oh_LOW	BD2	NA	NA	474.44	0	132.03	0	850	2.170176212	0	0.155329412	0.155329412	259.3425737
NA	18	RYV	V.OLD	Oh_LOW	BD2	NA	NA	557.63	0	122.91	0	850	2.170176212	0	0.1446	0.1446	353.6896916
NA	17	BADA	V.OLD	Oh_UPP	BD2	NA	NA	430.13	0	67.87	0	850	2.170176212	0	0.079847059	0.079847059	533.7557094
NA	15	BADA 	V.OLD	Oh_UPP	BD2	NA	NA	285.58	0	41.38	0	850	2.170176212	0	0.048682353	0.048682353	590.1401643
NA	6	MOR	V.OLD	Oh_UPP	BD2	NA	NA	428.39	0	101.52	0	850	2.170176212	0	0.119435294	0.119435294	321.9759653
NA	18	RYV	V.OLD	Oh_UPP	BD2	NA	NA	464.91	0	97.11	0	850	2.170176212	0	0.114247059	0.114247059	378.7457522
NA	14	COYL	YNG	Oh_LOW	BD2	NA	NA	712.77	0	182.09	0	850	2.170176212	0	0.214223529	0.214223529	291.4382997
NA	10	DRUM 	YNG	Oh_LOW	BD2	NA	NA	622.73	0	138.72	0	850	2.170176212	0	0.1632	0.1632	348.9114764
NA	12	L.EIL	YNG	Oh_LOW	BD2	NA	NA	613.94	0	121.38	0	850	2.170176212	0	0.1428	0.1428	405.799967
NA	13	L.EIL	YNG	Oh_LOW	BD2	NA	NA	516.56	0	139.88	0	850	2.170176212	0	0.164564706	0.164564706	269.2879611
NA	14	COYL	YNG	Oh_UPP	BD2	NA	NA	606.76	0	115.63	0	850	2.170176212	0	0.136035294	0.136035294	424.7427138
NA	9	DRUM 	YNG	Oh_UPP	BD2	NA	NA	607.66	0	100.3	0	850	2.170176212	0	0.118	0.118	505.8424726
NA	10	DRUM 	YNG	Oh_UPP	BD2	NA	NA	684.12	0	122.93	0	850	2.170176212	0	0.144623529	0.144623529	456.511836
NA	12	L.EIL	YNG	Oh_UPP	BD2	NA	NA	453.66	0	91.08	0	850	2.170176212	0	0.107152941	0.107152941	398.0895916
NA	13	L.EIL	YNG	Oh_UPP	BD2	NA	NA	408.5	0	83.74	0	850	2.170176212	0	0.098517647	0.098517647	387.8194411
NA	16	BADA	OLD	Oh_LOW	BD3	NA	NA	575.68	0	131.17	0	850	2.170176212	0	0.154317647	0.154317647	338.8808417
NA	5	MOR	OLD	Oh_LOW	BD3	NA	NA	324.59	0	117.47	0	850	2.170176212	0	0.1382	0.1382	176.3173576
NA	19	RYV	OLD	Oh_LOW	BD3	NA	NA	440.07	0	106.2	0	850	2.170176212	0	0.124941176	0.124941176	314.3785311
NA	20	RYV	OLD	Oh_LOW	BD3	NA	NA	583.09	0	142.49	0	850	2.170176212	0	0.167635294	0.167635294	309.2146817
NA	16	BADA	OLD	Oh_UPP	BD3	NA	NA	388.12	0	73.04	0	850	2.170176212	0	0.085929412	0.085929412	431.3800657
NA	5	MOR	OLD	Oh_UPP	BD3	NA	NA	463.69	0	137.64	0	850	2.170176212	0	0.161929412	0.161929412	236.8860796
NA	19	RYV	OLD	Oh_UPP	BD3	NA	NA	261.72	0	63.46	0	850	2.170176212	0	0.074658824	0.074658824	312.4172707
NA	20	RYV	OLD	Oh_UPP	BD3	NA	NA	348.68	0	68.92	0	850	2.170176212	0	0.081082353	0.081082353	405.9199071
NA	17	BADA	V.OLD	Oh_LOW	BD3	NA	NA	428.87	0	68.34	0	850	2.170176212	0	0.0804	0.0804	527.5534094
NA	15	BADA 	V.OLD	Oh_LOW	BD3	NA	NA	371.06	0	51.27	0	850	2.170176212	0	0.060317647	0.060317647	623.7370782
NA	6	MOR	V.OLD	Oh_LOW	BD3	NA	NA	333.47	0	87.39	0	850	2.170176212	0	0.102811765	0.102811765	281.5882824
NA	18	RYV	V.OLD	Oh_LOW	BD3	NA	NA	550.44	0	153.1	0	850	2.170176212	0	0.180117647	0.180117647	259.5297191
NA	17	BADA	V.OLD	Oh_UPP	BD3	NA	NA	334.78	0	51.59	0	850	2.170176212	0	0.060694118	0.060694118	548.9242101
NA	15	BADA 	V.OLD	Oh_UPP	BD3	NA	NA	373.43	0	50.74	0	850	2.170176212	0	0.059694118	0.059694118	635.9676784
NA	6	MOR	V.OLD	Oh_UPP	BD3	NA	NA	450.85	0	102.25	0	850	2.170176212	0	0.120294118	0.120294118	340.9290954
NA	18	RYV	V.OLD	Oh_UPP	BD3	NA	NA	450.51	0	93.14	0	850	2.170176212	0	0.109576471	0.109576471	383.6912175
NA	14	COYL	YNG	Oh_LOW	BD3	NA	NA	632.5	0	151.21	0	850	2.170176212	0	0.177894118	0.177894118	318.292441
NA	10	DRUM 	YNG	Oh_LOW	BD3	NA	NA	504.91	0	109.59	0	850	2.170176212	0	0.128929412	0.128929412	360.7263436
NA	12	L.EIL	YNG	Oh_LOW	BD3	NA	NA	594.52	0	130.49	0	850	2.170176212	0	0.153517647	0.153517647	355.6057935
NA	13	L.EIL	YNG	Oh_LOW	BD3	NA	NA	631.53	0	133.94	0	850	2.170176212	0	0.157576471	0.157576471	371.5021651
NA	14	COYL	YNG	Oh_UPP	BD3	NA	NA	586.75	0	114.41	0	850	2.170176212	0	0.1346	0.1346	412.8485272
NA	9	DRUM 	YNG	Oh_UPP	BD3	NA	NA	648.71	0	103.23	0	850	2.170176212	0	0.121447059	0.121447059	528.4122833
NA	10	DRUM 	YNG	Oh_UPP	BD3	NA	NA	569.44	0	103.43	0	850	2.170176212	0	0.121682353	0.121682353	450.5559315
NA	12	L.EIL	YNG	Oh_UPP	BD3	NA	NA	563.16	0	110.55	0	850	2.170176212	0	0.130058824	0.130058824	409.4165536
NA	13	L.EIL	YNG	Oh_UPP	BD3	NA	NA	255.37	0	46.47	0	850	3.170176212	0	0.054670588	0.054670588	449.5373359
NA	1	TULL 	GRASS	Ah_LOW	BD1	8.45	126.6	118.15	94.49	86.04	14.13	100	2.170176212	6.51099202	0.7191	0.769181335	37.31985123
NA	1	TULL 	GRASS	Ah_LOW	BD2	8.85	133.91	125.06	96.76	87.91	12.22	100	2.170176212	5.630879157	0.7569	0.80206321	42.25912865
NA	1	TULL 	GRASS	Ah_LOW	BD3	8.44	154.43	145.99	114.9	106.46	12.07	100	2.170176212	5.561760346	0.9439	0.999489194	37.13131693
NA	1	TULL 	GRASS	Ah_LOW	BD4	8.77	154.15	145.38	120.55	111.78	38.76	100	2.170176212	17.86030083	0.7302	0.888973307	30.05904455
NA	4	MOR	GRASS	Ah_LOW	BD1	8.76	135.74	126.98	92.77	84.01	22.47	100	2.170176212	10.35399793	0.6154	0.686477908	51.14867278
NA	4	MOR	GRASS	Ah_LOW	BD2	8.72	142.72	134	106.71	97.99	49.11	100	2.170176212	22.62949881	0.4888	0.631765327	36.74864782
NA	4	MOR	GRASS	Ah_LOW	BD3	8.34	121.98	113.64	93.61	85.27	37.25	100	2.170176212	17.1645048	0.4802	0.57970318	33.27078691
NA	4	MOR	GRASS	Ah_LOW	BD4	8.75	127.85	119.1	93.15	84.4	24.6	100	2.170176212	11.33548505	0.598	0.674452457	41.11374408
NA	4	MOR	GRASS	Ah_LOW	BD5	8.75	113.82	105.07	87.6	78.85	33.68	100	2.170176212	15.51947709	0.4517	0.534679456	33.25301205
NA	7	DRUM 	GRASS	Ah_LOW	BD1	8.74	114.39	105.65	81.28	72.54	34.92	100	2.170176212	16.09085926	0.3762	0.448342096	45.64378274
NA	7	DRUM 	GRASS	Ah_LOW	BD2	8.66	141.3	132.64	95.73	87.07	15.34	100	2.170176212	7.068550431	0.7173	0.771859261	52.33719995
NA	7	DRUM 	GRASS	Ah_LOW	BD3	8.82	131.2	122.38	72.6	63.78	0	100	2.170176212	0	0.6378	0.6378	91.87833177
NA	7	DRUM 	GRASS	Ah_LOW	BD4	8.83	125.67	116.84	79.16	70.33	11.31	100	2.170176212	5.211558369	0.5902	0.622649755	66.13109626
NA	7	DRUM 	GRASS	Ah_LOW	BD5	8.76	134.16	125.4	97.66	88.9	31.83	100	2.170176212	14.66701175	0.5707	0.668791767	41.05736783
NA	1	TULL 	GRASS	Ah_LOW	BD5	8.35	148.99	140.64	114.33	105.98	18.46	100	2.170176212	8.506221705	0.8752	0.956567776	32.70428383
